-0.268037
-0.306224
-0.316845
-0.335119
-0.347054
-0.341836
-0.331627
-0.325732
-0.330845
-0.328797
-0.325492
-0.32785
-0.330819
-0.332373
-0.336742
-0.334552
-0.334148
-0.336965
-0.338033
-0.337383
-0.336628
-0.336681
-0.333123
-0.334525
-0.332545
-0.334882
-0.335535
-0.333121
-0.332308
-0.329001
-0.33115
-0.333342
-0.337045
-0.337934
-0.338613
-0.337904
-0.337857
-0.340079
-0.338553
-0.33862
-0.338913
-0.339579
-0.342758
-0.342904
-0.341393
-0.341939
-0.346258
-0.345965
-0.344457
-0.345093
-0.344575
-0.342514
-0.342674
-0.34128
-0.341945
-0.34067
-0.339868
-0.339584
-0.339437
-0.339488
-0.338566
-0.336977
-0.338508
-0.337289
-0.336308
-0.335691
-0.336814
-0.33678
-0.337602
-0.339014
-0.339035
-0.339402
-0.33916
-0.337981
-0.338423
-0.338844
-0.339692
-0.340079
-0.341102
-0.341465
-0.341649
-0.341518
-0.340957
-0.339832
-0.339358
-0.3383
-0.338421
-0.339639
-0.340009
-0.33885
-0.339316
-0.339475
-0.33924
-0.340224
-0.339452
-0.339456
-0.339704
-0.338292
-0.337845
-0.337816
-0.338149
-0.337055
-0.337585
-0.337889
-0.338499
-0.338143
-0.337748
-0.337644
-0.337536
-0.336458
-0.336524
-0.336291
-0.336106
-0.335556
-0.334735
-0.334828
-0.335321
-0.335005
-0.335768
-0.335935
-0.335609
-0.335047
-0.335464
-0.335648
-0.335332
-0.33496
-0.334897
-0.334393
-0.334247
-0.334613
-0.334246
-0.334841
-0.334481
-0.333861
-0.33398
-0.334046
-0.334291
-0.334317
-0.33405
-0.334443
-0.333911
-0.334234
-0.334063
-0.333347
-0.332942
-0.332356
-0.332352
-0.332062
-0.332413
-0.333521
-0.333411
-0.332634
-0.33342
-0.334176
-0.334053
-0.333751
-0.333547
-0.333595
-0.334119
-0.334893
-0.335314
-0.335175
-0.335052
-0.335219
-0.335607
-0.3354
-0.335556
-0.335098
-0.3352
-0.335685
-0.335299
-0.334048
-0.333532
-0.333455
-0.332976
-0.332544
-0.332475
-0.332175
-0.332518
-0.332459
-0.332081
-0.332283
-0.332061
-0.332195
-0.332075
-0.331977
-0.332587
-0.332716
-0.333076
-0.333372
-0.333801
-0.333308
-0.333681
-0.333781
-0.333342
-0.333236
-0.333734
-0.333985
-0.334266
-0.334229
-0.334252
-0.333833
-0.333165
-0.333107
-0.333048
-0.333024
-0.332871
-0.332789
-0.332969
-0.33286
-0.332769
-0.332845
-0.33215
-0.331671
-0.331361
-0.330922
-0.331261
-0.331381
-0.330945
-0.33109
-0.330713
-0.330682
-0.330581
-0.330755
-0.330651
-0.331102
-0.331142
-0.331263
-0.331579
-0.331723
-0.331583
-0.331348
-0.331666
-0.331965
-0.331417
-0.331535
-0.331655
-0.332158
-0.332665
-0.332536
-0.332549
-0.332476
-0.332819
-0.332753
-0.332396
-0.332796
-0.332641
-0.332311
-0.332068
-0.331998
-0.331603
-0.331772
-0.332054
-0.332214
-0.332181
-0.332222
-0.332892
-0.332901
-0.333137
-0.333319
-0.333156
-0.333473
-0.333602
-0.333975
-0.334277
-0.334371
-0.33462
-0.334436
-0.334625
-0.334758
-0.334945
-0.334914
-0.334735
-0.334559
-0.335032
-0.335202
-0.335404
-0.335303
-0.335265
-0.335429
-0.335117
-0.335014
-0.335105
-0.335034
-0.335277
-0.335224
-0.335517
-0.335694
-0.335823
-0.335982
-0.336059
-0.33588
-0.3359
-0.335862
-0.336147
-0.335913
-0.336094
-0.336485
-0.336266