-0.496751
-0.518703
-0.525826
-0.517567
-0.515232
-0.515872
-0.515082
-0.508824
-0.506522
-0.510778
-0.503453
-0.498212
-0.494561
-0.494994
-0.490097
-0.488387
-0.491081
-0.485706
-0.486059
-0.489517
-0.488754
-0.492158
-0.492178
-0.493505
-0.497939
-0.497366
-0.496227
-0.497827
-0.496783
-0.496186
-0.496823
-0.49638
-0.496231
-0.497399
-0.498782
-0.496983
-0.499371
-0.499659
-0.49835
-0.499579
-0.498516
-0.498413
-0.497956
-0.500513
-0.50059
-0.50045
-0.500685
-0.501664
-0.500377
-0.500664
-0.499326
-0.498878
-0.499255
-0.497812
-0.497641
-0.497809
-0.49773
-0.498698
-0.49769
-0.497832
-0.498406
-0.499537
-0.499706
-0.498473
-0.498011
-0.49871
-0.498599
-0.498008
-0.49806
-0.498995
-0.499282
-0.499219
-0.499645
-0.500082
-0.500614
-0.499892
-0.500307
-0.500401
-0.500999
-0.50042
-0.499525
-0.499357
-0.499882
-0.499088
-0.49884
-0.499293
-0.498564
-0.498926
-0.499313
-0.498448
-0.499104
-0.499447
-0.499992
-0.499748
-0.500175
-0.500641
-0.501547
-0.501376
-0.501239
-0.50113
-0.500856
-0.500756
-0.500785
-0.500448
-0.500472
-0.499976
-0.500657
-0.500843
-0.501121
-0.501203
-0.50078
-0.500008
-0.500085
-0.499654
-0.499961
-0.50018
-0.5002
-0.50065
-0.500565
-0.499961
-0.499996
-0.500411
-0.500111
-0.499617
-0.499819
-0.499498
-0.499477
-0.499646
-0.499448
-0.499294
-0.499221
-0.499353
-0.499747
-0.499872
-0.499885
-0.499427
-0.49947
-0.499805
-0.49982
-0.499645
-0.499706
-0.499841
-0.500129
-0.499702
-0.49966
-0.499285
-0.498902
-0.498821
-0.499201
-0.499087
-0.499065
-0.499362
-0.499572
-0.49909
-0.499156
-0.499492
-0.499233
-0.49905
-0.498914
-0.498755
-0.498594
-0.498704
-0.498812
-0.498895
-0.498837
-0.498944
-0.499483
-0.499269
-0.498856
-0.498264
-0.498192
-0.49825
-0.498216
-0.498395
-0.498186
-0.498363
-0.498359
-0.498506
-0.498296
-0.498236
-0.498069
-0.498282
-0.498218
-0.498145
-0.498217
-0.498324
-0.498469
-0.498126
-0.49816
-0.497666
-0.497939
-0.497801
-0.497777
-0.497772
-0.498055
-0.498227
-0.498358
-0.498558
-0.49855
-0.498722
-0.498836
-0.49872
-0.498461
-0.498283
-0.498379
-0.498535
-0.498981
-0.498971
-0.498677
-0.498862
-0.498701
-0.498756
-0.498633
-0.498652
-0.498544
-0.498892
-0.498745
-0.498883
-0.498723
-0.498798
-0.499207
-0.499224
-0.49915
-0.499134
-0.499139
-0.499087
-0.499228
-0.499349
-0.49921
-0.49897
-0.498967
-0.499023
-0.499002
-0.499182
-0.499254
-0.499391
-0.499066
-0.498981
-0.498858
-0.498741
-0.49891
-0.499246
-0.49936
-0.499536
-0.4994
-0.4995
-0.499533
-0.49938
-0.499546
-0.499631
-0.499527
-0.499818
-0.499713
-0.499892
-0.499715
-0.49959
-0.49967
-0.499347
-0.499251
-0.499292
-0.499541
-0.499243
-0.499547
-0.499636
-0.499425
-0.499309
-0.499498
-0.499432
-0.499266
-0.499427
-0.499514
-0.499577
-0.499587
-0.499567
-0.499637
-0.499855
-0.499961
-0.499816
-0.499843
-0.499813
-0.499574
-0.499837
-0.499823
-0.49988
-0.499927
-0.499921
-0.499892
-0.500054
-0.500089
-0.499842
-0.499844
-0.499821
-0.499831
-0.499693
-0.499561
-0.499599
-0.49948
-0.499378
-0.499241
-0.499049
-0.49893
-0.498834
-0.498697
-0.498713
-0.498788
-0.498952
-0.498799
-0.498751
-0.49863
-0.498673
-0.498514
-0.498601
-0.498788
-0.498585
-0.498861
-0.498658
-0.498611
-0.498504
-0.498359
-0.498535
-0.498666
-0.498566
-0.498703
-0.49846
-0.498357
-0.497954
-0.49789
-0.497643
-0.49766
-0.497875
-0.497837
-0.497742
-0.497783
-0.497686
-0.497693
-0.497628
-0.497416
-0.497286
-0.497189
-0.497149
-0.497084
-0.497121
-0.496892
-0.496906
-0.497
-0.497081
-0.497058
-0.497036
-0.497271
-0.497152
-0.497162
-0.497145
-0.497125
-0.497107
-0.49719
-0.497347
-0.497257
-0.497296
-0.497358
-0.497293
-0.497365
-0.49719
-0.497133
-0.497034
-0.496886
-0.497078
-0.497224
-0.497214
-0.497313
-0.49726
-0.4972
-0.497352
-0.497469
-0.497573
-0.497615
-0.497569
-0.497697
-0.497738
-0.497651
-0.497627
-0.497648
-0.497627
-0.497632
-0.497702
-0.497703
-0.497617
-0.497562
-0.497451
-0.497322
-0.497299
-0.497137
-0.497066
-0.49704
-0.497151
-0.497267
-0.497298
-0.497375
-0.497462
-0.497529
-0.497479
-0.497739
-0.497733
-0.497928
-0.497974
-0.498094
-0.49831
-0.498323
-0.498298
-0.498459
-0.498545
-0.498555
-0.498659
-0.498621
-0.49848
-0.498573
-0.49853
-0.498634
-0.498794
-0.498959
-0.498998
-0.49878
-0.498788
-0.498578
-0.498525
-0.498758
-0.498696
-0.498739
-0.498633
-0.498679
-0.498805
-0.498654
-0.498675
-0.498542
-0.498512
-0.498558
-0.498608
-0.498591
-0.498549
-0.498646
-0.498539
-0.498483
-0.498451
-0.498445
-0.498497
-0.498584
-0.49868
-0.498598
-0.498508
-0.498446
-0.498595
-0.498544
-0.498671
-0.498553
-0.498591
-0.498466
-0.498592
-0.498651
-0.498734
-0.498658
-0.498564
-0.498584
-0.498562
-0.498471
-0.498742
-0.498683
-0.498651
-0.498639
-0.498559
-0.49849
-0.498326
-0.498231
-0.498125
-0.49809
-0.498009
-0.497991
-0.497911
-0.497987
-0.497972
-0.49771
-0.497906
-0.497954
-0.497966
-0.497881
-0.497961
-0.498072
-0.498225
-0.498252
-0.498255
-0.498279
-0.498396
-0.498528
-0.498601
-0.498579
-0.498501
-0.498384
-0.49837
-0.498361
-0.498262
-0.498308