-0.437675
-0.426087
-0.432295
-0.438573
-0.444846
-0.443193
-0.44368
-0.442981
-0.443935
-0.44568
-0.447475
-0.448365
-0.449416
-0.448942
-0.450055
-0.450817
-0.4503
-0.448227
-0.446228
-0.446577
-0.445834
-0.44569
-0.447158
-0.447471
-0.449076
-0.448836
-0.446957
-0.446408
-0.446164
-0.446111
-0.447076
-0.447208
-0.44665
-0.447544
-0.446974
-0.447799
-0.446519
-0.447464
-0.447288
-0.447584
-0.446167
-0.445873
-0.4471
-0.44725
-0.446621
-0.4442
-0.441603
-0.442121
-0.442983
-0.441778
-0.440647
-0.440761
-0.441766
-0.442514
-0.442942
-0.443624
-0.44326
-0.44266
-0.44254
-0.442685
-0.442527
-0.443003
-0.443101
-0.443352
-0.443562
-0.442756
-0.441712
-0.442217
-0.44127
-0.440866
-0.440852
-0.440618
-0.439675
-0.43937
-0.439704
-0.439945
-0.440655
-0.440145
-0.440589
-0.440854
-0.44124
-0.4414
-0.441619
-0.441815
-0.442021
-0.442321
-0.4419
-0.442081
-0.442038
-0.442261
-0.441739
-0.442043
-0.442
-0.441704
-0.441649
-0.441769
-0.441572
-0.44199
-0.441987
-0.441047
-0.441449
-0.441514
-0.44194
-0.442128
-0.441675
-0.441542
-0.441654
-0.441673
-0.441685
-0.441608
-0.442019
-0.441971
-0.44191
-0.442292
-0.442144
-0.441879
-0.441976
-0.441911
-0.441787
-0.438806
-0.438879
-0.438879
-0.439171
-0.439037
-0.438927
-0.43896
-0.439136
-0.439625
-0.439465
-0.439434
-0.439718
-0.439676
-0.439571
-0.438916
-0.438402
-0.438152
-0.438378
-0.438321
-0.438165
-0.438434
-0.438452
-0.438459
-0.438154
-0.438039
-0.438317
-0.438439
-0.438587
-0.438669
-0.438788
-0.439056
-0.439102
-0.439065
-0.439238
-0.439266
-0.439485
-0.439489
-0.439183
-0.43896
-0.43926
-0.439102
-0.439248
-0.438982
-0.439088
-0.439237
-0.439486
-0.439511
-0.438968
-0.438711
-0.439041
-0.439297
-0.4391
-0.439351
-0.439185
-0.439351
-0.439232
-0.439433
-0.439535
-0.439706
-0.43979
-0.439602
-0.43978
-0.439828
-0.440055
-0.440016
-0.440061
-0.440297
-0.440332
-0.439674
-0.439111
-0.439269
-0.439453
-0.439389
-0.439541
-0.439567
-0.439743
-0.439899
-0.43927
-0.43954
-0.439745
-0.439914
-0.440002
-0.43994
-0.439978
-0.440022
-0.440135
-0.440235
-0.440259
-0.440488
-0.440676
-0.440638
-0.440632
-0.440669
-0.44072
-0.440774
-0.441046
-0.441267
-0.441255
-0.441286
-0.441362
-0.441353
-0.44147
-0.441216
-0.441132
-0.441184
-0.441353
-0.441405
-0.441498
-0.441619
-0.441552
-0.441509
-0.441309
-0.441298
-0.441314
-0.441299
-0.441216
-0.441174
-0.441188
-0.441441
-0.441352
-0.441472
-0.441368
-0.441292
-0.441063
-0.44126
-0.441322
-0.441409
-0.441705
-0.44176
-0.441759
-0.441695
-0.441975
-0.442032
-0.442093
-0.442092
-0.442125
-0.442243
-0.441964
-0.441918
-0.4418
-0.441757
-0.441698
-0.44183
-0.441696
-0.441667
-0.44166
-0.441804
-0.441848
-0.441828
-0.441801
-0.44193
-0.441865
-0.441975
-0.441825
-0.441919
-0.441979
-0.442175
-0.442163
-0.442201
-0.441978
-0.44191
-0.441923
-0.441887
-0.441909
-0.441893
-0.441891
-0.441818
-0.441637
-0.44168
-0.441698
-0.441757
-0.44185
-0.441972
-0.442072
-0.442174
-0.442265
-0.441986
-0.442139
-0.442053
-0.442051