7.96329
-0.0419069
-0.0236454
1.47571
-0.284621
-0.212629
1.60199
2.12883
0.193909
1.22292
0.758576
-0.174092
-0.231459
0.0914335
0.107636
-0.22519
-0.0159088
1.15274
0.373637
0.147987
0.368842
-0.209739
0.237648
0.322575
-0.102096
0.110125
1.47333
0.565802
1.52671
-0.0568949
2.47254
-0.427845
0.349466
0.188861
-0.138645
0.100109
1.51246
0.36595
-0.0320107
1.73273
-0.277473
-0.260692
-0.296331
0.517881
-0.209731
-0.25014
-0.507783
-0.113819
-0.127999
-0.242109
0.508808
2.2873
0.465741
3.40061
-0.263382
-0.048688
-0.461002
0.431622
0.640385
-0.0443938
-0.394916
-0.0269776
-0.0393015
0.261473
-0.248907
-0.182616
-0.0642448
-0.217922
-0.200091
-0.0686535
-0.253352
-0.524387
1.11561
-0.0410721
-0.392774
-0.256162
-0.0859007
-0.275527
-0.385697
-0.479038
-0.268637
-0.186968
-0.419123
-0.15868
0.0194803
-0.437781
-0.352324
-0.253538
-0.290185
-0.231975
-0.45491
-0.448316
-0.373024
-0.467896
-0.227838
-0.456721
-0.472844
-0.183981
-0.463514
-0.24008
-0.346824
-0.512968
-0.400249
-0.347253
-0.240321
-0.22386
-0.445269
-0.458862
-0.391376
-0.489139
-0.330444
-0.52671
-0.486948
-0.516274
-0.478171
-0.472908
-0.457252
-0.494532
-0.13308
-0.476758
-0.498038
-0.453769
-0.493704
-0.476163
-0.487092
-0.356563
-0.493972
-0.469298
-0.416162
-0.515509
-0.520668
-0.493943
-0.467909
-0.495365
-0.521589
-0.522468
-0.456856
-0.47412
-0.526946
-0.514369
-0.523837
-0.526207
-0.462475
-0.468179
-0.487638
-0.532082
-0.525246
-0.528915
-0.530549
-0.528631
-0.494105
-0.519944