-1.60755
1.1047
1.21702
1.53803
1.50947
-0.637478
0.783513
-1.04161
-1.02861
-1.35143
-0.84157
1.54842
-1.41912
1.07947
-1.012
-0.826756
1.14672
-1.33986
-1.00526
0.815049
-1.19303
1.03334
1.15464
1.4225
-1.01691
-1.37128
0.684531
1.13983
1.41075
-0.539632
1.05779
1.0005
-1.14265
0.483253
0.598588
-0.546918
1.28822
0.87393
-0.804208
-0.706336
-1.3522
0.232345
0.937398
-1.26783
1.02535
-0.30717
0.912096
1.35594
1.16791
0.692716
-1.28518
1.32041
-1.39256
1.04222
1.33772
-0.751247
0.553129
0.509
1.11045
-0.980114
-1.52771
1.17256
-0.444373
-1.47893
-1.3758
0.69069
0.655055
-0.973528
0.931934
-1.32164
-0.690063
-0.776304
1.41158
1.14053
1.35835
0.614617
-1.10811
-0.932747
0.684787
1.61164
-1.09406
-0.927168
-0.8483
1.23109
0.710717
-1.07714
-1.57287
-0.114651
-0.781301
0.460015
-0.899277
-0.933962
-0.529148
0.585466
0.961959
1.43736
-0.895135
-0.852015
1.35046
-1.38489
-1.52379
-0.239819
1.16252
0.629674
1.74165
-0.290478
-1.80615
1.65977
-1.29037
-0.960734
1.19321
-0.920611
-0.944725
-1.37943
0.942592
-0.835929
-1.19187
0.831513
-1.43736
-0.805857
0.789654
-0.348034
1.03108
0.525008
1.12042
0.911626
-1.43898
1.26727
0.559801
-0.678435
-1.34315
-1.11084
0.715275
0.824066
-1.4168
0.816921
-1.10335
-0.914898
0.225368
-1.14001
-1.2862
1.28673
1.16589
-1.41424
0.94954
-1.05993
-0.486375
1.32858
-1.68861
-1.05332
0.621021
-1.43623
-0.380759
-0.722658
-1.01315
1.47707
-1.2291
-0.61103
-1.06588
-1.11792
1.06714
0.321924
1.23199
-0.911008
1.50138
-0.579516
-0.347906
-1.10702
1.25654
1.19279
0.816629
-1.81794
-1.27741
0.309303
-0.752715
0.918804
1.01485
-0.817242
1.35692
0.809218
-1.25942
-0.727694
0.760439
-1.09449
-0.827603
-0.561988
0.876691
0.699375
-1.01472
-0.533702
-1.42801
-0.414854
-1.39956
0.490613
0.371371
-0.558425
-1.05294
0.385778
-0.697328
-0.603025
-0.911546
0.917402
1.82155
-0.357867
-1.56948
-1.31366
-1.37175
-0.755688
1.30702
1.35362
-1.44367
0.979302
-0.878411
-0.729863
1.51131
0.49012
0.969862
-1.34778
0.977156
0.114578
-1.74301
-0.309075
1.11336
-1.22731
1.16259
1.28022
0.742123
0.954259
0.994898
-0.739248
-0.856889
1.29181
-0.362012
-0.523718
-0.901612
1.43395
-0.481094
1.72371
-0.271377
2.0188
-0.337523
1.67595
0.415259
-1.91037
0.492463
1.51372
0.87152
1.02931
-1.14053
0.686401
-1.34918
-0.826813
-0.907481
-0.101696
-1.30123
0.525451
1.34441
-0.855796
-0.481096
-1.28128
1.63915
-0.383241
0.281838
-0.709626
-0.830099
-0.363346
1.61386
1.08679
-0.675224
1.40199
-0.855773
-1.16097
-1.07856
1.33321
-0.315686
1.19761
-1.52239
1.01349
-0.973446
1.0261
-1.42341
-1.38534
1.43203
1.47549
1.44699
-1.40973
0.96198
-1.21413
-0.719046
-0.369782
0.0122184
-1.58878
1.30157
-1.14293
-2.1104
0.579517
1.25418
-1.00185
-0.619878
1.14979
-0.836941
1.35175
1.52583
0.70859
-0.996553
-1.72455
-0.639366
-0.533367
0.737214
-0.905949
1.23443
-0.0159399
0.508715
-0.714153
-0.599086
1.22603
-0.933385
-1.18777
0.250176
0.862206
-0.893574
0.795339
-1.18318
1.1121
-0.757705
1.73893
-1.67121
1.048
-1.00422
-1.40088
0.635138
-0.547244
-0.544451
1.61
0.332858
1.65949
-0.232072
-0.196158
-1.56872
0.618726
-0.232967
-0.850132
-0.724775
0.390197
-1.39018
1.57572
1.66698
1.6012
-0.697427
-1.13122
-0.838204
-1.17899
0.686415
-0.952489
1.29403
-1.46475
1.58128
-1.12221
-0.957511
-1.73938
-0.558577
0.284656
-1.83679
-1.92737
1.6074
0.520504
0.166782
-1.26349
-0.78646
-0.774636
-1.21808
-1.44559
0.560449
1.14815
1.66542
-1.59325
0.991627
1.02381
-0.967636
1.39923
-1.13206
1.40862
-1.45593
0.623341
-0.796315
-1.47076
0.970161
0.716374
1.0007
-1.66721
1.12354
-1.36946
0.580745
0.148846
-0.839202
-0.0216488
-0.0954617
-0.665458
1.11757
-1.15705
1.06938
0.496807
0.099078
-0.361119
1.06998
1.07452
0.92077
1.1064
0.735121
-0.42161
0.205409
-0.208842
-0.140924
0.063154
0.13473
-1.0258
-0.928555
-1.16974
0.354756
1.62867
-1.46765
1.53013
-1.27963
0.0941324
1.36826
1.26797
1.4585
0.536696
1.14627
1.29726
-1.93921
1.00723
-0.575157
0.997459
-1.20774
-0.660655
-1.10248
0.864728
0.739335
-0.919601
-0.659713
-0.00353335
-1.31041
-1.1113
0.0644126
1.69508
-1.73721
-1.09167
-0.913581
0.712007
-1.20082
-0.985689
-1.15003
0.904539
0.534783
1.0237
-0.53585
1.24125
0.251509
1.41221
-0.710527
-1.02458
-1.3097
0.901283
-0.814844
-1.0623
0.834428
-1.24619
0.645428
-0.478947
1.65478
-1.04155
1.16511
-1.46475
-1.49118
1.0558
0.135645
1.244
0.641734
-0.593303
1.30511
-0.108128
1.08909
-0.846905
-1.24738
1.43732
-0.886266
-1.01621
-0.667033
1.27568
0.836495
1.19331
-0.619273
-1.50866
1.40876
1.42917
-1.30012
-1.12065
1.5975
-1.05945
-1.04276
-0.736076
0.468831
1.51423
-0.921206
0.747634
1.68005
1.84585
1.17422
1.04776
0.834119
0.490696
0.686002
0.924672
-1.23497
-1.36506
1.72404
1.19285
1.36968
0.80149
-1.47423
-1.01958
-0.604098
0.610613
-0.64595
-1.64741
1.15411
-0.875338
-1.40108
0.978771
1.13946
-1.03248
-0.96336
0.338289
1.07882
-0.875052
0.988413
0.624015
1.37954
-0.189502
1.74539
-0.455086
-0.508923
-1.62402
-1.34575
0.692705
-0.739083
0.67151
1.11253
-0.821208
0.52187
1.65553
0.749324
-0.498796
-1.20351
-0.76285
-0.865094
-0.67798
-0.769229
-0.706996
-0.597025
-0.911269
-1.84257
1.87472
1.59881
0.518376
-1.28986
1.44081
1.14955
-0.758885
-1.11633
1.29479
1.18961
0.776365
-0.727107
0.778249
-1.55724
1.09303
-0.780166
0.865849
1.34
0.335682
0.420426
1.60468
1.28275
1.00743
1.36844
-1.50534
-1.08369
-1.3604
0.959942
-0.848715
0.863552
0.639317
0.241453
0.778084
1.26048
1.05688
-0.641819
0.871465
1.31352
-1.31788
1.35793
0.877901
0.737064
-1.2711
0.553481
-0.582321
-0.897926
-1.00258
0.547384
-0.456837
1.35244
-0.368702
-1.04674
-1.23653
-0.901676
1.21537
-1.25886
-0.483432
-1.69945
-0.529066
-0.17067
-1.68979
0.537853
-1.39542
0.524872
0.815356
0.98291
1.19127
-1.44021
-1.23366
0.993456
-1.02384
1.24534
-1.13164
1.13495
-0.795674
1.45554
0.808379
0.50493
0.719747
-1.51743
-1.13605
0.487862
-0.308257
-1.28929
1.29114
-0.672069
0.723997
-1.00094
-1.20366
0.69481
1.23755
-0.367213
-0.0844699
-1.04641
-1.52687
-0.614962
1.78782
-1.45166
1.49678
-1.13401
0.00385533
0.0521364
-0.498697
0.75534
-0.583544
-1.03315
1.52715
-1.45993
-1.15033
-1.22337
-0.213707
-1.65638
-1.25727
-1.05191
1.18859
-0.902658
-1.16689
-0.573574
1.0595
-1.16839
-0.518117
-0.425579
-0.645648
-1.31427
-1.27047
-1.2055
-0.695168
1.17036
1.65435
0.694024
0.453979
-1.68301
-1.58875
1.54236
0.496831
-1.3123
0.538076
-0.913961
-1.23098
-1.03014
-1.16106
-1.46845
-1.42405
-1.46785
1.08108
-0.946846
1.46498
1.33194
0.621712
-0.434573
-1.20864
-1.15839
-0.970836
-0.743223
-0.72446
-0.98596
1.02226
-0.848437
0.535071
-0.0333628
2.17223
0.206073
1.95565
-0.566574
-1.28547
-1.19614
-1.06376
1.23214
1.31184
0.78186
-1.0432
0.539078
1.22942
1.21213
-0.596122
-1.2988
1.84704
0.967089
0.843899
-0.909082
-0.994672
1.01042
-0.121132
-0.884617
-0.768674
1.37247
-1.27802
-1.66486
1.60396
-0.473956
1.19082
-0.938372
0.391284
1.00103
-0.887166
-0.847745
-1.2107
-1.05202
1.13765
1.04158
-1.46913
1.34912
0.57323
0.94766
1.05216
0.683165
-1.19741
0.307062
1.54948
-1.01341
-1.15567
1.06632
0.97056
1.76454
0.0922582
-0.979785
-1.34872
-1.25552
-0.915793
1.35838
1.52339
-0.98352
1.00806
1.1693
-1.06806
1.84864
-0.512287
-0.975931
-0.622767
-0.717632
0.999186
-0.776516
1.88128
-1.40812
-0.631813
-1.39461
-1.7192
-1.74765
0.684937
1.6765
0.591191
1.21464
-0.430487
-1.22629
1.27475
1.45959
-1.14381
-1.24766
-0.652595
1.55808
0.809047
-1.27842
-1.22371
0.667358
0.752843
1.58684
0.737526
1.12723
-0.278851
-0.0354317
-0.643271
1.01593
-0.627879
1.14692
-1.12043
-1.54043
0.564051
-1.3645
-0.887339
1.19831
-2.0169
-0.453637
0.89582
-0.810305
0.230194
0.365727
0.206771
0.250764
0.355732
-1.56302
-1.57063
-1.0777
1.05423
-0.95573
-1.45481
-0.691995
0.393912
1.27904
-1.55897
0.91006
1.03355
1.28883
-0.853887
1.32155
-0.570632
1.59607
1.54299
-0.961025
0.989955
-1.05102
1.2022
1.22336
-0.819735
-0.738763
-0.231429
-0.669608
-0.755685
-1.57611
-0.950118
1.18706
0.190959
0.375151
-1.90243
0.971846
-1.26704
-0.763421
1.33744
-0.669338
0.983733
0.43752
0.613611
-1.50097
0.0722858
1.80235
0.980223
1.3092
-0.768598
0.70519
-1.27007
1.23788
0.786958
-1.33106
0.94194
-1.56063
-0.175169
1.0946
-0.319028
1.05178
-1.15849
0.825549
-0.857283
0.848294
1.71316
-1.14476
0.85131
0.869566
-0.828327
-1.66796
0.237408
-1.24395
-1.31894
-1.13623
1.53085
0.625679
-0.881313
-1.23796
-0.623341
0.838767
1.23145
-1.30591
-1.34759
0.716246
1.06419
1.2137
1.36582
-1.31917
1.69731
-0.497163
-1.5271
-0.941938
0.923351
1.33083
1.19281
0.523187
1.57162
0.827838
0.908011
-0.905141
0.525949
-0.887121
-1.08408
-1.28845
-0.407172
1.30109
-1.43291
-0.988612
-0.81272
0.699845
1.70075
0.54349
0.760888
0.565488
-1.21488
-0.473256
0.688116
1.23456
-0.98093
-1.01866
1.06197
1.26926
0.397364
1.31579
1.66833
-1.10502
0.792267
-1.36196
-0.346333
0.173809
1.25194
-1.26921
0.611188
-0.552059
-1.26577
-0.830966
-0.0181264
-1.78296
-0.986261
0.382625
-0.508632
1.053
-0.741803
-0.828801
-0.553337
0.527948
-1.21821
0.870849
-1.36038
0.629102
-1.49556
0.828395
-0.915155
0.482333
0.663084
1.48452
-0.823154
-0.201461
-1.27179
1.28312
-1.23296
-1.97048
1.2819
-0.814025
0.86886
-1.13762
0.995558
0.712011
-0.436375
-0.0253749
0.823958
1.01188
0.587542
1.3939
-0.508697
0.480826
1.13055
1.01272
-1.00537
-0.783493
-0.886328
-1.00358
0.859403
-1.34626
-0.681283
1.52989
0.358477
-0.464332
-1.46072
-1.11376
-1.08901
-1.1823
0.672921
-0.988641
0.192837
1.22852
-0.810321
0.802636
-0.886307
1.33777
1.37177
-0.490006
1.25191
-1.43057
-0.850062
-1.22813
-0.932814
-0.905827
0.88989
-1.00939
-1.13582
-0.861109
0.682252
1.19922
1.2297
0.283909
0.340142
1.64621
0.31215
-1.70844
-0.698302
0.235885
0.395364
-0.409888
-0.80198
-1.35998
-0.67668
1.11465
-1.28566
-0.485366
-1.2716
-1.4142
1.59413
-0.235981
0.967669
-0.976935
0.654405
1.35608
-0.975701
-0.684163
0.403147
-0.678
-0.887224
1.2829
-1.5038
-1.89438
1.25221
1.49273
-0.733125
0.069474
0.864334
0.819183
-0.95684
-0.982704
0.98427
-0.737521
0.275206
-0.608579
0.940024
1.00608
0.695249
-0.790469
0.971254
0.934976
1.06957
-0.98058
0.749866
-1.24593
0.592132
-0.686758
-0.749212
-0.872156
-0.499488
-1.26097
-1.24371
-0.851886
0.476398
1.45507
1.09681
-0.891717
0.603185
-0.910847
0.822672
1.69061
1.39043
1.50451
1.38125
0.790668
0.506618
0.732288
0.991718
0.536356
1.37958
-0.597331
0.862995
-1.35964
-0.472025
0.470085
-0.558516
-1.07984
-0.713196
1.52891
1.74114
-0.738494
-0.574859
-1.67342
1.27894
-0.994544
1.77651
0.0367502
0.692933
0.730621
-0.888601
0.618648
-0.775413
1.3543
1.27765
-1.39723
1.59304
1.2597
1.50494
1.98569
-1.71628
-1.29942
1.39117
1.06349
0.772938
-0.530149
1.29485
-0.763377
1.50696
-0.733358
-1.02291
1.08448
-1.23042
-0.815891
0.0122813
-0.518441
1.40083
1.0075
-1.0052
-1.16376
0.843246
-0.801849
1.0965
-0.0148962
-0.583595
-1.40979
0.582428
-0.604771
-1.12629
0.913198
1.32064
1.19926
1.31943
0.403699
1.52759
-0.765196
-0.76508
-1.20254
0.249735
-1.47698
-1.19562
-0.81999
-0.930841
-1.1999
1.63171
-0.83375
0.68857
0.928978
1.04429
-0.790828
-1.39085
1.76702
0.555858
-0.504551
0.848931
1.09124
-1.08048
-0.662462
-0.0608886
-1.50769
1.87963
2.2013
0.269798
-0.296387
1.5715
-0.7489
-0.859949
1.0843
1.3373
-1.52411
0.626875
1.13414
1.44471
-0.729511
-0.958483
-1.28434
-1.45312
0.47693
0.684292
-1.79814
1.73637
-1.03593
1.23196
-1.45876
1.13611
-1.1287
1.16007
-1.36975
1.39836
0.770083
0.771049
-1.11919
0.893391
0.941155
-1.56575
-0.924082
1.2538
0.786704
0.548628
-0.829404
0.697342
-1.12077
-0.696913
0.830515
0.283515
0.481845
1.45029
-0.556227
-0.354443
-0.489291
0.96865
1.03881
-1.39293
-0.480487
-1.46202
1.46986
1.39049
-0.407702
-0.595415
0.402656
0.928409
-0.676576
0.0589482
0.0881136
1.26295
1.38622
0.265173
-0.848239
-0.744209
1.4697
-1.3955
-0.700161
0.13139
1.00222
-0.825286
0.604067
0.751383
-1.13823
-1.09374
0.946227
-0.505043
-1.10679
-0.917348
1.15533
-0.295331
-1.72041
-0.374232
1.50245
-1.07449
-0.350577
-0.452827
0.667244
-1.38853
-1.16665
0.628008
1.33124
0.591082
-1.63956
1.44413
1.291
-0.339369
-1.13856
-0.858021
-0.863549
-1.03138
1.33039
-0.676001
-0.562907
0.894023
1.69148
0.913218
-1.11354
0.905011
-1.30219
-1.2166
1.02804
0.589852
0.771435
0.749137
0.773559
-1.28204
1.03339
0.967405
0.788066
0.874727
0.545623
-1.03675
0.665794
-1.51239
-0.388552
-0.358613
0.766841
-1.02966
-0.383407
1.48175
-1.29039
-1.10716
-1.77199
-0.258076
0.674794
-0.510687
0.957458
0.373865
-0.62899
0.465251
-0.884412
1.00473
-0.791
0.993788
0.155803
-2.1286
-1.11915
1.2848
0.400503
1.27238
-0.713771
0.931247
-0.67426
-1.51343
-0.723387
1.15026
-1.66716
-1.53521
0.55686
-1.48212
1.12731
-0.817132
-1.07448
-1.27288
-0.376484
-1.08402
1.02203
1.20824
-1.60157
1.03316
0.982017
0.945567
0.976922
0.534605
1.1504
1.79845
0.794508
-1.1963
0.849412
-0.537044
0.517593
-1.2258
-1.05723
-1.02034
-0.386844
-1.3792
-0.902953
1.53284
-1.66361
-1.39254
-0.956025
-0.705176
-1.44996
0.323066
0.690339
-0.962157
-1.16425
-1.14458
1.21936
-1.05364
-1.13163
-1.0045
1.258
1.22252
0.193578
1.28926
0.774075
1.28598
1.06886
0.508369
1.08172
-0.805363
0.78347
-1.1275
0.989975
1.35113
1.31486
0.683979
-1.04243
-1.17868
-0.586318
1.5009
1.51526
-0.218867
1.72789
-1.09214
-0.520644
-0.464588
-0.381683
1.50299
0.771946
0.859153
0.619676
0.956936
-0.378328
-0.819302
-0.471536
1.06621
0.494052
-0.51139
-1.37248
1.07655
1.48434
0.667777
-0.703608
0.704915
-0.72294
1.03343
-0.898394
-0.92915
1.06407
-0.902385
1.37127
-1.63196
0.893721
0.866185
-0.865267
0.668155
1.54941
0.45657
-1.51086
-1.57977
-1.36539
0.757863
-1.22415
0.830012
-1.60908
1.62961
0.763154
-1.38727
-1.20058
0.434288
-1.56734
-0.517788
-0.619613
-1.63416
-1.28257
-1.02398
-1.30701
-1.06306
0.391898
0.84662
1.01795
-0.849473
1.70437
-1.44908
-1.03482
0.9407
-0.654093
-0.88786
-1.01238
-1.43331
-0.67146
-0.920887
-1.43414
-0.665559
-0.896076
0.573128
-0.559518
-0.919418
-1.07773
0.796692
0.734024
1.24932
1.00277
-1.06609
0.797012
0.848931
1.18531
-0.551802
1.13999
-0.953618
-0.676575
0.504395
1.2259
-0.748483
0.996692
0.90767
-0.676273
0.717079
1.33845
-1.46178
-1.12768
-1.00959
1.0015
-0.527969
-1.42745
-0.544016
1.092
1.09034
1.06389
0.668623
-0.887798
-0.783051
-1.09086
-1.05066
-0.960356
-1.08426
-0.637098
-1.49753
-1.38707
-1.89695
1.42863
0.673173
-1.29054
1.29135
-1.25726
-1.67686
0.509045
-1.01086
-1.34629
0.332896
-1.36095
-1.43155
0.954643
-0.326535
0.985995
-1.3166
1.02512
0.601666
-0.82546
1.20845
-0.753872
1.93795
0.532015
0.734029
0.760181
-0.581544
-0.763343
1.33649
-0.460246
-0.274871
1.47872
-0.500674
1.54826
1.31234
-0.777551
-1.51598
1.36761
-1.05508
-0.0564789
0.0221351
-1.64339
-1.23573
0.778644
0.634868
-1.5345
-0.888021
-0.759387
-0.878728
-0.595302
-0.862125
-1.57614
-1.29264
-0.925114
-1.12261
0.230587
1.30349
-1.42781
-0.394071
1.01625
-1.17721
0.388068
-1.40505
0.647673
0.468678
-0.469119
0.652016
-1.49493
1.77499
-0.403172
2.02624
-0.648305
0.918509
1.52985
0.829084
0.360993
1.11229
1.50009
1.4715
0.408888
1.24194
0.307343
-1.38718
-0.616688
-1.06713
1.12425
-1.24279
-0.75304
0.396217
-1.33621
-0.914168
0.919948
0.987366
0.949223
1.68894
-0.0140675
-0.137627
-0.209307
0.45864
-1.34598
0.618741
-0.347641
1.29242
-1.74152
-1.35785
0.354915
-1.84676
-0.600415
0.891517
0.868537
1.14628
-0.805442
-0.847392
0.383828
1.21202
-0.859675
0.92185
-1.09144
-1.22559
-0.724494
1.5321
-0.7233
1.09314
-0.973201
1.33079
0.855196
1.37998
-1.38541
1.6828
0.0338688
-1.26878
0.392648
0.727113
1.03954
1.31221
-0.625757
-1.03424
0.950974
-0.996965
-0.578854
-1.02023
-0.822645
1.32144
0.751906
0.351204
0.636975
0.799199
0.713633
-0.894509
0.0971483
0.274775
-1.24933
-0.616884
-0.794009
-0.989171
1.01211
-0.554117
0.506069
-0.543729
-1.25145
1.03762
1.2362
0.991928
1.40525
-0.855291
1.09224
1.58013
0.916636
-1.09285
0.572016
0.282277
-0.920629
1.01262
-1.13047
-1.19049
-1.19698
-1.32234
1.30163
1.00591
1.02799
-0.711169
1.16761
-1.16439
-0.497088
-1.38437
-0.980022
0.993692
0.467972
1.3551
1.07324
-0.984553
-0.836155
-0.873381
-0.742734
0.661799
-1.24876
-1.61987
-1.42876
0.925723
1.11468
0.952869
0.786434
-0.290252
0.911281
-1.08222
0.21781
0.608523
-0.647054
-0.952223
0.944213
1.03432
-1.01392
-0.362283
0.771006
-1.4627
0.291627
-0.444817
0.963823
-0.630562
-1.13892
-0.781785
1.35986
-1.13775
1.01744
1.53132
1.53928
-0.409764
1.55219
0.509635
-1.31107
-0.273524
-0.316971
0.539619
-1.35495
1.14974
1.08285
0.471868
-0.765514
-1.40222
1.82175
1.23498
1.14852
-0.771126
1.53084
0.366167
-1.33897
-0.569198
-1.67878
1.51656
0.541222
-0.76047
-0.98239
-1.32794
-1.13902
-1.28403
1.63572
-0.333823
-1.67097
-0.396164
-1.41205
1.10074
-1.10575
-1.62048
1.02771
-0.782718
-1.03704
1.32035
0.620231
-0.603346
-2.05673
-0.655316
0.773825
1.2546
-0.759353
-0.69218
0.955294
1.29678
-1.22496
1.03502
-1.03176
-0.725091
-0.602157
-1.49393
0.312232
-0.698603
-1.67312
-1.44481
1.24511
-0.740086
-1.13592
-0.944617
1.02754
-1.79656
-1.06118
0.857499
-0.87475
-1.03888
0.957893
-0.919729
-1.21308
1.23987
-0.873824
-1.83154
-1.83693
0.12203
-0.534055
0.845576
-0.748648
0.14417
-1.45473
0.831005
-1.56852
-0.23455
1.06976
-1.09323
0.943953
-1.05694
-0.830586
-1.39326
-1.02001
-1.58585
0.941382
1.59925
-0.254658
0.136557
-0.075232
1.10445
0.298386
-1.3858
0.347473
0.362053
0.753643
0.602968
-1.38509
0.286622
-0.302389
0.91443
0.560252
-1.26698
-0.919962
0.910098
-1.39326
0.828421
-1.98972
-0.779692
-0.396667
1.08507
-0.899585
0.512543
1.14227
-0.159744
-1.62354
-0.762119
-1.09609
0.755645
0.548617
0.556302
0.411371
-1.19132
-0.484819
-1.91815
0.746134
0.704802
-1.35501
-0.988673
1.35197
-1.25899
1.21107
-0.986173
1.03199
1.26244
0.692894
1.32275
-0.144724
1.66681
0.818147
-0.826415
-0.873012
-0.925029
0.945768
-1.04928
0.791545
1.29259
-1.115
0.784618
-0.745531
-1.03167
-1.21551
-0.421936
-0.066588
-0.981572
1.12836
-1.24633
-0.499251
-0.681247
0.955803
1.10146
-0.336903
1.05209
0.926833
-1.02795
0.815874
0.908607
-0.419727
0.185512
-0.079424
-1.03404
1.27125
0.849093
1.11039
1.38853
-0.738315
0.72935
-0.848564
0.703935
0.865616
-1.42322
1.26372
1.31301
-0.866205
-1.0125
-0.988129
-0.915066
-0.600833
1.31431
1.0008
-1.31291
-0.528612
1.57113
-0.898101
-1.04059
-0.49078
-0.431137
-0.55467
-1.71373
0.564267
1.2807
0.730994
1.05527
-0.568287
-1.00151
0.233756
-0.0466257
-0.554055
-0.604868
-1.09347
1.59685
0.616929
0.702579
0.730477
0.969149
-1.00273
-1.57262
-1.12489
0.341598
-0.500152
-1.11922
1.39703
0.72756
1.02332
1.15732
0.736891
1.02288
-0.730366
-1.48295
0.769148
-1.66751
-1.16434
-1.15232
0.886654
-1.79588
1.06366
0.704561
-0.8683
1.15522
1.42101
-1.08772
-0.925808
-1.94829
0.609328
-0.332367
0.926017
-1.47208
0.376229
1.92997
-1.00026
0.393957
1.49065
0.986269
-1.00884
-0.867616
-1.6071
0.182582
-1.85985
0.339848
1.69139
0.96494
1.24358
0.438341
0.0379883
-0.942733
-1.34858
0.816731
0.829468
0.693114
-0.645052
-0.725365
-0.671049
1.13402
-1.26987
-0.948243
-1.14418
-1.2525
-1.00281
1.26839
-0.566912
-0.525212
1.90231
-0.725732
-1.27657
0.902663
0.93112
-1.18991
-0.94163
1.07773
1.83546
1.71819
0.616878
-0.796906
-1.36125
-1.60531
-0.224472
-1.26827
1.42965
1.40124
-1.37956
1.16781
-1.54393
0.298168
1.08013
1.26425
-1.3403
-0.777405
0.776652
1.43773
-0.946074
1.14851
-1.52374
-0.614664
0.577914
0.571841
0.417283
-0.271914
-1.93501
-0.146214
1.37828
-0.735218
-1.54743
-0.29825
-0.344331
-0.426989
-0.923373
-0.548044
-1.09978
-1.51375
-1.13935
0.529021
-1.07739
0.835254
0.554548
-1.79306
0.937486
-0.900117
1.53227
1.72821
0.285015
1.54908
-1.1757
-0.385642
1.41974
1.02364
0.941897
0.6721
0.689323
0.663228
-1.56684
1.63389
0.718033
-0.676411
-0.900315
-0.692799
-1.17421
-1.18732
0.924025
0.867247
-1.54949
0.939541
-0.529207
-0.677305
1.26542
0.84198
-0.351424
-1.6178
-1.1402
-1.24965
-1.468
-1.00412
-0.969436
-1.01135
1.76726
0.806073
-0.991642
0.929826
-1.55705
-1.23091
-1.05322
-1.22456
0.246273
-0.733168
-0.887193
1.10999
-1.62443
0.877796
-1.0302
0.353692
-0.506509
0.906882
0.510919
-1.3771
-1.76948
1.45582
0.501043
-1.17254
0.923426
-1.16149
1.12213
-0.69757
-1.46717
-1.28192
1.23015
-0.854474
-0.858575
-1.16562
0.788644
1.26307
-1.0446
0.832912
1.07471
-0.856371
0.672124
-1.37031
0.965089
-0.514641
-1.63321
-1.37857
-1.52685
1.14226
0.703848
0.857915
1.18217
1.30199
-0.809578
-0.822303
1.49718
0.977016
0.608084
1.93387
-0.842678
-0.520251
-1.09159
1.18039
-1.26975
-0.930419
-0.531796
-1.10042
-0.934251
-1.2063
-0.99743
1.60346
1.67248
-0.393735
0.72372
1.26448
-1.24958
-1.0871
-1.40886
-0.580865
-0.523626
-0.575008
-0.939639
1.14407
1.69325
-1.2738
-1.34228
-0.0963363
0.0283088
1.34437
-0.877354
-0.683394
-0.85182
0.702883
-0.919001
-1.03579
0.860395
1.12026
-1.14141
1.00262
-0.743944
-0.0412544
0.168171
-1.28922
0.32832
0.402003
1.47894
1.13724
-0.9947
-0.72837
-0.889818
-0.728185
-1.03579
0.603529
0.00822111
-1.86257
-0.361171
1.16552
-1.46604
-0.824572
0.794264
-1.21869
-1.38746
0.378044
1.50678
1.12871
-0.929516
-1.07354
0.859865
0.769902
0.748409
0.594708
-0.94415
-1.08148
1.22198
1.66856
1.54118
1.17289
0.62414
-0.698209
-1.35407
1.41326
0.962128
1.1454
-1.12745
-1.14575
-0.894514
-1.19017
-1.64904
1.23059
-1.56138
0.616447
-0.604066
-0.717035
1.15845
-0.44883
0.532245
-0.338698
1.0291
0.61945
1.71273
-0.840691
0.656556
1.42135
-1.07332
-1.40751
1.02994
0.697629
-0.656876
1.01165
0.768683
0.989865
-0.242787
1.07577
-1.005
0.74948
-1.11483
-0.741399
0.891678
-0.909779
0.844243
1.12118
-0.947464
-0.863056
-0.819859
-0.268346
-0.0940482
-1.20135
1.06098
0.5013
-1.57021
-0.43151
-0.92325
0.920047
1.24797
-1.19103
-0.497689
-1.77383
2.03895
-0.728677
0.691252
1.95171
-1.40658
0.519492
0.653024
1.09192
1.28133
0.27363
-1.47959
-0.528733
0.647136
-0.810602
1.57726
-2.27649
0.307349
-1.50599
-0.426356
0.449003
-0.681692
-1.27234
-0.987174
1.01518
-1.2141
-1.28218
1.1351
0.887032
-0.992737
-1.25112
1.28605
0.846719
1.4512
1.57219
-0.723772
-1.22704
-0.812995
-0.952083
0.732224
1.46214
0.354042
-0.464437
1.41945
0.246689
-0.335417
1.05367
-0.154665
-1.77294
-0.740436
-1.14697
-0.414149
-1.19509
0.766026
-1.07883
-1.35525
-0.201606
-0.516683
0.430322
1.38735
-0.790268
1.18321
-1.0385
-0.59066
-1.40947
-0.469539
-1.24497
-1.75092
1.32664
1.35939
-0.662028
-1.10478
-0.846588
0.494397
0.660354
-1.14875
0.460556
-1.26321
-1.54076
-0.483102
0.167268
-0.481192
1.17794
1.36871
-0.776726
-0.820043
-0.620735
-1.02126
-1.42973
0.849084
0.916878
0.998184
-0.510011
-0.964158
1.40828
0.526013
-0.218687
-0.337009
1.29119
1.42995
-0.308015
1.53358
-1.18246
-1.36642
0.688984
0.837012
0.542089
1.17567
-0.944478
1.51538
1.0189
-2.12338
-1.75106
-1.35059
-0.871343
0.535727
-1.14862
-0.392341
0.846908
0.577486
-0.939552
1.14313
0.430711
0.678261
1.00219
1.10455
-1.70879
-0.426453
-0.629479
0.941742
-1.00204
-1.0116
-0.064563
0.739338
-1.16795
1.14205
0.422967
0.731078
0.755575
0.744655
-0.572414
-0.79854
-0.654142
-1.20885
-1.17289
0.88294
-1.20914
-1.60036
-1.39135
0.609856
0.625446
1.11899
-0.35284
0.951957
1.56922
1.16401
-1.0599
-1.09647
1.02385
0.438768
-0.990968
-0.969769
-1.20237
-1.29599
0.514252
-1.47681
1.28785
1.31329
0.827664
0.90264
-0.463422
1.21015
-1.73776
-0.854487
-0.703779
-1.25484
-1.43611
-1.14388
0.854211
-1.36521
0.637036
-1.25263
-0.956303
0.443075
-0.74263
1.49718
-1.43748
-0.962073
0.755081
-0.916825
1.13231
1.11785
1.75859
-0.494734
-1.81937
-1.06839
0.315018
-1.50928
-1.57409
-1.17888
0.990193
-0.680299
-0.839371
0.753289
-1.24725
-1.06302
-1.34982
-0.920057
-0.337612
-0.764378
-1.11664
0.516963
-0.80219
-1.28149
-1.3386
1.04644
0.765072
1.02058
0.820787
-1.33053
-1.25623
-0.927664
-0.933523
1.10123
-0.687383
-0.681381
2.14409
-0.198177
1.60484
1.08657
1.0695
-0.722362
1.05418
-1.63517
1.43613
0.724992
0.133407
1.80169
-0.215397
-0.472715
-1.32184
-0.406479
-1.14706
-0.586696
1.47675
0.115802
0.533884
-1.36059
0.864193
1.17879
0.379376
-1.60969
-0.548422
1.3733
0.831423
-1.19004
-0.793586
-0.766297
-0.742727
2.36053
-1.33022
0.539729
1.16872
1.08377
1.50469
1.27907
0.75465
0.4394
-1.62482
1.63634
1.62062
-0.615195
-1.35036
-1.06391
-1.24711
0.990914
-0.646448
0.443413
0.884705
-1.66093
-1.10052
1.32572
-0.724144
-0.882503
0.639959
0.0451592
-1.0015
-1.29431
0.493171
-1.01899
1.32509
-1.13973
0.410366
-1.54644
-0.811362
-0.484314
1.36872
-1.01825
1.30562
0.0504539
0.200541
-1.28039
-1.11507
0.802249
0.803511
1.16889
-1.37617
0.968994
-0.488056
0.363765
0.597486
-1.35716
-1.23242
0.726158
-1.58461
-1.1493
0.936476
0.928784
-1.48332
-0.583381
-0.547451
1.19833
-0.530183
-1.50269
1.53793
-1.42643
1.07365
-1.54775
-1.12969
1.53886
-0.840742
0.826603
0.725542
-0.675639
0.462535
-1.01307
0.362016
-0.441125
1.02114
1.35635
1.23086
1.31245
0.832613
-1.00995
-0.500991
-1.25309
0.817925
-0.0458853
1.09755
1.42881
1.52393
0.50565
1.28527
0.76833
-0.898527
-1.11997
0.840044
-0.786625
1.45013
1.47729
-1.4761
1.14277
1.2279
1.19949
-0.656264
0.555862
-0.407051
-0.762884
-1.62757
0.556395
1.26342
-1.39049
1.00256
-1.35464
-0.820416
-1.29288
1.05639
-0.623714
-0.979663
-0.542736
-1.16108
0.742491
1.21324
-1.12986
-0.844811
-0.982569
-0.988775
1.20869
0.653083
-1.45926
0.552508
-0.66245
-1.44529
-1.07668
-0.742729
-1.00444
0.727857
-0.829173
-1.52279
-0.726639
-1.17489
0.455687
-1.23888
0.973836
-0.767635
-0.677255
0.828928
0.795535
-1.18109
-0.0122186
1.14489
0.689114
0.928068
-0.618035
0.964927
-0.939718
-0.876874
0.740319
-1.25205
1.22301
0.997168
0.196748
-1.45848
1.49452
1.64902
-0.925406
0.829212
0.565533
-0.771651
-1.34847
0.879635
0.974816
-1.47243
1.42569
0.74305
1.46413
0.0569173
0.697299
1.39204
0.676618
-1.24242
0.799409
0.519241
-1.41885
-0.443556
1.07408
0.626629
0.678482
-0.993924
0.657348
0.433965
-0.0855597
1.78166
-0.518502
-0.532693
-0.797942
-0.716445
0.561982
-0.908118
-1.27825
1.20176
1.13269
0.923958
-0.946125
0.774717
-1.18315
1.0401
-0.818532
0.798681
0.625961
1.16449
0.71717
1.19738
-1.21737
-1.04426
1.00014
-0.892574
-0.869471
-0.614506
-0.576175
-1.00117
1.15674
1.51842
1.12419
-1.43762
-1.39321
-1.84855
-0.438663
1.72333
-0.840449
0.941336
1.13255
-0.742557
-1.39337
-1.36225
1.14617
0.974306
1.3797
0.644139
0.784623
-1.45431
-0.510074
-0.862043
1.50203
-1.01657
1.38446
0.793376
1.59182
1.41024
1.14358
-0.856411
0.264207
-0.199038
-1.02907
-0.843772
-0.959896
-1.1907
1.59681
0.415349
0.47204
-0.391036
-0.442194
0.892981
1.70877
1.28086
-0.640309
-1.09049
-1.32727
-1.36591
0.754691
1.06022
-1.00033
-0.992394
-0.964456
-1.19275
1.079
1.33195
-1.32219
0.632674
-0.501967
1.60288
-0.703944
0.620724
-1.16391
0.824866
1.42561
1.59015
-1.38091
-0.799447
-1.08828
-0.742599
-0.952696
-1.26257
1.24201
0.55203
0.985772
-1.08425
0.857409
0.609943
-0.976031
-0.852138
1.14282
1.30345
1.01728
-0.878642
1.29017
-1.4323
-0.467614
-0.457647
-1.07612
-0.383118
1.0174
-1.15065
-1.06682
-0.0789684
1.68996
0.941138
0.483038
1.00528
1.12154
-1.20602
0.663327
0.706949
-0.216013
1.34468
1.28913
0.433843
-1.07437
0.865114
1.40093
0.609457
-1.25735
-0.796119
-1.47497
-1.295
0.893852
-0.754957
-1.1159
-0.498624
-1.42243
-1.48442
-0.750153
-0.870928
0.972563
0.910825
1.00282
1.22306
-1.0783
0.969466
-1.27189
-0.728484
-1.19856
-0.599591
1.40947
1.19551
1.20434
1.39475
0.596529
-0.932745
0.982714
-0.961103
-1.29067
-1.30755
1.14504
-2.07083
-1.64364
0.334674
-1.66531
0.552691
-0.597641
-0.765902
0.983493
0.847108
-1.50014
1.05141
-1.23097
-1.66062
0.74049
-1.13261
1.12953
0.694618
0.536688
0.85901
-1.30765
0.841694
-1.23609
0.718919
1.46357
0.488846
0.807556
1.20359
1.51569
0.969616
1.10282
1.34323
1.1027
-0.836026
1.00395
-1.39377
-1.00618
1.47143
1.0178
0.939572
1.27262
-1.72912
-0.0359804
1.73523
-1.76117
-0.461609
1.00149
-0.609118
-0.415353
-1.91291
-1.81085
0.175453
0.654768
1.64093
0.517995
1.09208
-0.735935
1.06867
1.18241
1.38781
-1.4129
1.66736
1.2718
-1.24521
0.0597156
0.0677243
0.437122
0.536802
1.17123
0.570832
-1.03021
0.997979
-0.644754
1.20684
-1.04539
-1.19173
1.56444
0.693831
1.21002
-0.566536
-0.854957
0.708893
-0.733357
0.198438
1.47652
-1.82535
-1.28953
-0.989782
1.34788
0.599201
0.953268
-0.668536
0.307818
0.200657
0.154461
1.53767
-0.0621236
-0.310593
-0.610457
-1.01557
1.34864
-0.344443
-0.992907
1.20819
-0.266045
0.657379
-1.8377
-0.928394
1.5442
1.72498
0.383
-0.494817
1.81123
-0.742264
-1.03819
-1.41774
1.72835
-0.37298
0.194859
-0.891916
1.10794
0.68338
1.60488
-0.32999
0.934024
-0.997045
-1.73281
1.47421
0.490955
-0.0153846
0.338764
0.481122
-0.560832
1.2296
-1.43471
0.647905
1.50228
-0.780362
1.69969
-0.830636
-1.33605
0.397866
0.335864
-1.36979
-0.967078
1.53826
-1.21643
-1.02324
0.705455
-1.03551
-0.718711
0.953475
1.25214
-1.03263
-0.325335
-0.00801152
-1.54924
0.699825
-1.03947
1.60307
0.651074
-0.184755
1.38775
1.04817
0.505492
0.741207
0.499945
1.46992
1.35375
0.641216
0.473354
-0.700043
-0.692206
-1.35701
1.80041
-0.779532
1.27141
-1.12539
0.865076
0.648734
-1.37488
-0.690301
-0.935709
-1.39797
-1.03239
0.798228
-1.34139
0.667739
-0.674512
0.818079
-0.310948
1.92708
1.064
-0.96069
1.41897
0.465814
-0.279464
-0.820709
-1.21527
0.770014
-0.76632
-1.30713
0.793913
-0.851819
-0.742261
1.16444
1.1012
1.70389
-0.638473
0.564552
-1.00122
-0.696272
1.1387
-0.523591
-1.40179
0.310179
0.704412
-1.76371
0.0743682
1.1965
-0.690548
1.26118
1.09195
0.925223
1.42326
1.01031
1.43941
-0.672494
-1.16773
-1.20124
1.18085
-0.938162
0.84217
-1.18163
1.016
0.785427
1.05514
-1.09693
1.08461
0.935257
-0.39857
-1.07595
-0.401439
1.62458
1.59785
0.658432
1.32891
0.940576
0.940516
-0.598472
-1.67049
-0.50054
-1.08234
-1.17001
-1.20178
0.54143
-1.77872
-1.64023
-0.533922
0.171196
1.51933
-0.196317
0.428716
-0.764804
1.04091
-1.27603
-1.20141
1.05689
1.46074
-0.985331
-1.1654
1.02418
-1.05068
-1.44391
0.860594
-1.26568
-0.495415
-0.705941
-0.551168
-0.298698
-0.582657
-0.858093
-0.995977
-0.346846
-0.645003
-0.914287
0.454292
-0.616977
-1.624
0.450833
-1.02874
-0.73855
-1.59099
0.750823
1.11683
-0.585018
1.37786
-0.491148
-0.797182
-1.36189
-1.1462
0.47754
1.2902
0.717931
1.15384
-0.607797
0.439312
0.121631
1.92285
-0.084669
-1.77156
-1.56989
-0.207546
-1.47825
-1.3765
-1.29606
0.761826
1.39825
1.02941
-1.91064
0.476759
0.413456
1.51238
-1.16281
-1.30317
-0.250328
0.0872388
0.950659
-0.526087
1.11571
-1.21152
-0.997549
-1.04044
0.840686
0.304476
0.651209
-0.166758
0.789611
1.40932
0.574073
-0.441883
0.313409
-0.367243
-0.439186
1.81451
1.12323
-0.881536
1.33376
-0.737267
-1.53848
-0.672766
-1.08825
-0.873295
-0.389754
0.839423
0.389109
0.585058
-1.20663
0.999734
1.10707
-0.602848
-1.4612
-1.13136
1.454
0.421193
1.57887
1.50808
1.43784
-1.43494
-1.34286
0.932328
-1.24252
0.9055
0.653611
-0.925455
0.520929
1.37836
-1.58081
-1.25772
1.3638
1.41095
-1.33166
1.06618
0.477135
-0.745896
-1.25154
-0.623831
0.629278
1.73103
-1.54096
-0.911356
0.915542
0.107064
-1.85997
-1.12648
-1.09573
-0.949274
-1.67422
1.31322
-1.25357
1.41007
-0.892062
1.12035
-1.11182
-1.34069
0.659767
-1.25653
0.953796
-1.12154
0.978333
1.84205
-0.0881099
-0.779625
1.00083
1.68529
1.59828
1.57539
-1.43037
-0.543133
0.527372
1.01183
1.19095
-1.07013
0.955262
1.1162
0.858185
-0.994079
-0.902659
1.28186
0.687954
-1.21546
-1.18191
0.746348
-1.35158
1.21648
0.915516
-0.776302
0.759125
1.30887
-0.836744
1.30431
-1.52671
1.78267
1.47851
0.898228
-0.569864
0.696825
-1.76436
1.15473
-0.704345
0.877883
-0.361689
-1.70931
-0.950868
-0.98667
0.667435
1.44656
-0.987772
-0.885018
0.673022
0.508625
-1.50706
-0.184035
1.25245
-1.19654
0.513739
-0.63277
-1.16784
0.830829
0.981004
1.33842
-0.925753
-1.20515
-0.936979
-1.24608
1.53983
1.96573
-0.954138
-1.12949
-0.625165
-1.37741
0.641222
1.578
-0.461443
-0.584389
-1.4578
0.505879
1.22087
-0.923654
-0.971118
0.975345
0.201938
0.64977
1.4056
-1.55892
1.2578
-0.549197
-0.840517
-0.76516
1.46594
1.21018
1.58474
-0.826916
-1.19677
-1.0857
-0.869319
1.70996
0.979809
0.936241
-0.620967
-1.16265
1.42937
1.23486
0.784007
0.544589
-1.48643
-0.639066
0.517746
1.53295
1.47192
-1.26513
0.530339
0.37736
-0.84254
1.29017
1.21294
0.682517
-0.99268
1.09401
-1.1118
0.863766
-0.972875
-0.937905
0.854912
1.24298
1.18003
1.44365
1.15862
-1.29945
0.878055
1.498
1.31589
-1.4286
-0.664504
-1.26992
-1.51983
1.0273
-0.370309
1.13715
1.25493
0.0913196
1.19323
-1.6584
1.13362
0.740979
-0.887833
0.911988
-1.18507
1.03994
1.39232
-1.10817
-1.07446
-0.297589
-0.459139
1.06375
-1.22506
-1.28739
1.51546
0.455795
1.2162
-1.12861
-1.33549
0.418509
1.56379
1.03637
1.06595
1.00853
1.37918
1.34054
-1.21768
0.220497
-1.13815
0.857103
-1.32113
-0.38017
1.62697
0.65363
0.869448
0.598215
-1.30317
0.786732
0.592603
-1.03471
-1.84891
0.0959614
-0.282296
1.41496
-1.31473
0.786458
-1.30225
-0.943773
1.08892
0.901773
1.26513
1.23064
1.13243
1.18063
-1.05775
-1.95704
-1.52281
-1.21952
-1.27367
-0.391859
-0.650489
0.0963021
-1.61824
0.419157
1.22835
-0.976365
-0.791647
0.614529
0.650232
1.45749
-1.1768
0.972514
-1.12606
1.164
0.824368
0.816511
-0.638393
1.23761
-1.73448
-0.950227
-0.402606
0.578245
-0.308124
1.63747
1.76799
1.38765
-0.622265
-1.29103
-0.985258
-0.299221
-0.752192
-0.349234
1.48849
1.55419
0.294598
0.960589
1.27717
0.98693
1.21111
1.74045
-1.35523
-1.16297
-0.898989
-0.628229
-1.88962
-1.59473
1.26971
-0.437957
-0.344324
0.86688
1.02775
1.12666
-0.864962
-0.92065
1.6208
-0.395471
-1.21687
-0.19044
1.81965
0.451601
0.679854
0.612735
-0.695286
0.516973
0.619801
1.44927
1.38171
-1.31635
-1.17356
-1.21889
-0.629516
0.769308
0.625005
-1.16876
-1.43755
1.00691
-0.796191
0.86713
-1.17009
0.854708
-0.834397
-1.06704
-0.846384
-0.87245
-1.076
-0.492834
1.57017
-1.06003
-1.42368
1.63129
-1.06724
-0.924269
-0.718615
0.382022
0.0984861
-0.671445
-1.1988
0.637315
1.39575
0.645123
-0.812455
1.35387
0.352859
1.58509
0.436947
1.69983
0.789822
-0.710181
1.73588
-0.842165
0.931
-1.0639
-1.45006
0.89071
1.53255
0.710434
1.42996
0.225017
1.66519
1.11054
-1.24624
1.13824
0.658425
1.22808
0.165007
0.369272
0.689731
-0.442867
-1.50852
-0.919058
-1.22127
1.22448
0.838798
0.771511
-1.61272
-0.314676
1.63581
-1.63384
-0.129049
0.594132
1.82554
-0.730906
1.7608
-0.152976
1.20313
-1.13702
1.06834
-0.650599
1.84134
0.494032
0.836954
-0.620598
0.758207
-0.950759
0.0420997
0.484504
0.722758
1.30919
0.668873
0.681859
-0.755324
-0.693996
1.10831
0.554958
1.75434
0.79804
-0.974259
0.744677
-1.61964
0.401495
-0.646521
-0.89719
-1.07273
1.13827
0.634178
0.859014
-0.899804
-1.22843
-0.733463
0.985071
0.882856
0.903288
-1.03557
1.01916
-1.16646
-1.48665
-0.644829
0.725499
1.24838
-0.439215
-0.631741
1.43261
0.620281
1.2776
-0.756905
0.510979
-0.469644
-0.698592
-0.967591
-0.783085
1.04251
-1.44966
0.924062
1.57092
1.69217
1.21079
-0.147499
0.88121
-1.14919
-0.558512
-0.454764
0.701226
1.39914
-1.30735
-0.594293
0.497418
0.385502
0.454241
0.00357923
-1.3575
-1.66322
1.33863
1.21763
-0.597123
-1.42918
-1.34971
1.22427
0.360472
1.69678
0.41114
1.31445
0.442483
-0.760907
-0.768103
-1.32128
0.871626
1.90027
-0.649605
-1.86352
2.06667
0.874778
1.48276
0.781477
0.912531
-1.24401
1.41058
1.15938
1.26588
1.04051
-1.14439
-1.54183
-0.689581
0.904212
1.80955
0.878795
-0.491582
-0.860364
-0.877381
-0.887606
-1.38177
0.697418
-0.446561
0.541997
1.7098
-0.522531
0.670234
1.36063
0.513917
1.14583
1.30026
0.767408
0.859381
-1.23687
-0.72014
1.05421
0.776129
-1.00835
0.987509
0.664443
-1.32741
-1.20046
-0.958531
1.39759
-1.14914
1.53973
-0.419879
0.982364
-1.3153
-0.479758
1.25975
0.741308
1.22134
0.617027
-1.13944
-1.47355
-1.26057
-0.930444
1.34738
1.08341
1.11973
-1.80842
-0.59076
0.81186
0.405643
0.627842
0.819122
1.04
-1.10397
-0.70748
-0.945347
1.00675
0.79658
1.66368
0.827605
-0.976997
0.491446
-0.459771
-1.17956
1.95396
0.297042
1.52599
-0.904244
-1.23476
-0.874457
-1.21312
-1.23612
-1.2368
1.30167
0.719855
0.724599
-0.683611
-1.30534
-1.12945
1.05706
-1.20522
0.907539
0.533283
-1.0738
0.474625
-0.777086
-0.489016
-1.24687
0.700816
-0.32146
0.642607
-1.14909
-0.219427
0.214755
-1.38758
0.34873
1.57073
-0.976537
1.59939
-1.5341
-1.06363
-1.02264
-1.04545
0.775395
1.42623
1.03282
-1.3826
1.26528
-1.3126
1.65895
1.05297
-0.888376
1.56193
1.36328
1.03126
-1.0024
1.09767
0.989037
-1.54713
-0.744758
-0.874594
-0.763267
-0.67104
0.976979
0.966961
-1.21623
-1.18323
-1.03419
0.652357
-0.780235
-0.976181
1.18842
-1.30891
0.594091
-1.44688
0.744713
1.22518
1.16826
-1.05073
-1.61447
1.24403
-1.20198
-1.12413
0.798676
-1.53039
0.875893
-1.13837
1.49105
-0.175428
1.17914
-0.0325259
1.01404
1.22773
1.27778
0.588257
0.438986
-1.31945
-1.0009
0.0279702
0.237485
-1.27724
1.34685
1.19474
-0.407621
1.11039
0.734688
-1.47372
0.103827
-0.187821
0.372434
-0.303373
0.90011
1.46634
0.907318
-1.31361
-1.27931
1.29444
-0.928931
0.29194
1.25364
0.901968
-1.13381
1.01577
-0.984575
0.864779
1.16329
-1.44016
1.20623
1.11907
0.761405
-0.911091
-1.15059
-0.878433
1.48807
0.72695
0.832634
-0.894613
-0.644371
0.869086
-1.47225
1.42602
0.743751
-1.1032
-0.759227
-1.80052
1.03704
0.369428
0.966258
0.909362
1.26903
-0.683677
0.807955
-0.827867
0.66146
1.31685
0.994095
1.45992
0.958488
0.670273
-0.527351
0.198857
1.12056
-1.06911
-1.35927
-0.657324
1.19811
0.378166
1.44392
1.11823
1.2192
-0.889244
1.00701
-0.930476
-1.45105
1.37392
-0.611857
-0.422307
-0.954396
1.24282
0.617432
0.762935
0.784754
1.02146
0.505693
1.44205
0.845567
0.809513
1.24397
0.829342
-1.04022
-1.22988
0.86725
0.986918
1.15117
0.684683
1.17949
-1.04245
-1.105
-1.03066
-0.475287
-1.67701
-0.807782
0.739945
0.979186
-0.900673
-0.951311
-0.428389
-0.307809
-1.54498
0.047387
0.411667
0.595976
-0.845086
-0.546268
-0.551724
-1.6037
0.520622
-1.40264
0.910173
-0.65893
0.795808
-1.41082
-1.5063
-1.65245
-1.07826
0.986879
-0.799855
-0.893687
1.47967
1.33725
1.06302
-0.879868
0.723032
0.983637
1.0275
-0.671571
-0.803743
0.767708
1.02623
1.2168
-0.699841
-1.51487
1.08688
-1.12491
1.3782
-0.58532
-1.46888
1.99049
0.301353
0.370903
-0.499255
0.667535
-0.855167
0.112967
1.28088
-1.36859
0.475345
0.729154
-1.07853
-1.1871
0.360421
1.30028
-0.388722
1.49492
0.495108
-0.78336
-1.25643
1.26112
1.11685
-0.952847
-0.0945393
-0.658762
1.52475
0.727996
-0.725179
1.4181
-1.58916
-0.276956
1.92201
-0.0863282
0.354629
-1.5986
1.77595
1.01739
0.92302
0.372528
1.55541
-0.657058
-0.516575
0.873115
-0.764627
1.24086
1.09043
-1.29736
-1.31627
0.939676
1.09359
1.57901
1.30186
1.42893
0.769189
-0.783725
0.640588
-0.558823
-0.881342
-1.29255
0.528801
-0.499719
-1.06894
0.884195
0.405533
0.540338
-0.657329
1.23878
0.699612
0.695764
-1.49858
0.394908
-0.439704
-0.367614
1.71458
1.48026
-1.00373
1.51513
0.532961
0.60329
-0.274489
1.6374
0.641177
-0.801016
-1.58385
-1.66738
0.506609
1.219
1.42924
-1.02858
1.48277
-0.319721
-0.638492
0.724583
-0.720607
1.02563
1.50266
0.456395
1.65814
-0.16272
-1.38464
0.518144
-1.18966
-0.445232
-0.432464
1.29444
1.42581
0.855234
-1.14507
-0.913363
1.05105
1.22183
1.60643
0.564209
1.19918
1.5863
-1.47544
-0.768532
0.564023
-0.835623
-0.857968
-1.0511
1.00585
0.568588
-0.498627
0.891182
-1.0951
0.717821
-0.800406
-0.353879
-0.827658
-0.892569
-0.970344
-0.977373
-0.922372
0.721241
1.18722
-1.24387
1.11745
-1.18137
-0.803002
-1.51866
0.679756
1.15196
1.17847
-1.16877
-1.60677
-0.673983
0.693018
-0.0371642
1.37438
0.869331
1.39144
0.167691
-1.11056
-1.30252
-1.19912
0.966396
-0.356164
-1.95084
1.87228
1.25247
-0.76158
0.607034
-0.667728
0.815862
-0.91642
1.45028
-1.17671
0.819416
-0.82261
1.49456
-1.37698
-0.386047
-0.476523
-1.48414
-0.476315
0.64736
-0.818926
1.03002
1.08117
0.931032
-1.19251
-1.45797
1.8397
1.41279
-0.804193
-1.7469
1.11893
1.30563
0.458594
-0.0987064
-0.217765
-1.14542
0.513886
-0.742588
1.34622
-0.501841
0.954347
-0.533716
-0.600707
-0.734483
1.43979
0.880258
-1.01516
-0.594604
0.547685
-1.60298
1.66888
1.20678
1.47153
0.825448
1.09872
0.362369
-1.37293
-1.38698
1.40863
-0.592027
0.483001
-0.285478
-0.971151
0.824361
0.114073
-1.2544
-0.990463
1.30356
-0.824013
0.606594
0.0848144
0.357498
0.607995
-1.59061
-1.3693
0.752847
-0.952717
1.06284
-1.07516
0.875077
1.00081
-1.08751
1.38047
0.319588
-0.6606
-1.28329
-1.37872
-1.394
-1.07819
1.45116
-0.952476
-1.36484
0.787141
0.683661
-0.99905
1.05605
1.14524
-0.851714
-0.735887
-1.31406
-0.318757
-1.64943
-1.71648
1.55415
-0.746952
-0.568578
-1.27086
1.15594
-1.18318
1.34535
-1.21542
-0.629006
-0.692396
-0.608797
0.600434
-0.713684
1.05454
-1.04622
-0.543616
0.71088
-1.54935
-1.33679
0.886482
-0.330971
-1.49879
1.15492
-0.823595
0.46242
-1.73428
0.775154
0.74402
1.17833
0.0860947
-1.14505
-0.561901
1.31303
0.537361
-0.311343
0.563802
-0.618507
-0.456807
-0.897099
-0.918822
-0.634703
-0.795098
-0.994331
0.789446
1.34588
1.18193
1.24934
-1.07277
-1.02348
-1.34849
1.35833
0.466108
0.651964
-1.50646
1.29416
1.18819
0.335889
1.18499
1.01282
-1.64331
-1.06234
0.852646
0.674309
-1.34067
1.13093
-1.03146
1.09362
-1.25463
1.37736
0.49044
-1.43174
0.687334
0.310607
0.636819
-0.455763
1.14792
1.14971
0.994364
-1.24703
-1.76265
0.216117
-0.923071
-0.978575
1.21786
0.62822
0.719393
1.25167
-0.878078
-1.21609
0.0879911
-0.673096
0.888076
-0.831108
-1.03602
-0.965266
0.964193
-0.521584
-0.62676
-1.47307
-0.831806
1.24937
1.08585
-0.11436
-0.666111
0.546443
1.18324
-1.48608
0.500368
1.15104
-1.53101
-0.721331
0.738111
-0.491774
0.847536
-0.383161
0.724186
-1.864
-0.574889
-0.725203
1.37054
1.57195
-1.51634
0.88403
1.25834
0.696189
-0.702395
0.895708
-1.27585
-1.17377
0.502417
1.09665
-0.965217
1.42647
1.79135
-0.0123868
1.34302
0.989776
0.704234
0.287449
0.116904
-0.612931
1.4257
1.39078
-1.41965
1.38607
0.101888
-1.53831
-0.408308
1.45215
-0.527638
0.521282
1.03867
-0.596349
-1.89687
-1.53812
0.958302
1.33715
1.11166
0.92627
-1.49786
0.780437
0.736178
-1.09688
-0.71571
0.666427
-0.761032
-0.926808
0.6419
0.963788
-0.787915
1.127
1.42164
-1.04122
1.39171
-0.576788
0.752859
-0.666776
-0.481106
-0.728865
1.16351
-0.901594
0.894763
-1.42732
1.46198
-1.4015
-1.08623
-0.809846
1.03377
0.703853
-0.717682
-1.46529
0.595376
-1.59821
1.4143
-1.15868
-0.951689
1.07049
0.488747
-1.44386
1.16569
1.57572
0.0397344
-0.598716
1.03545
0.985951
-0.98787
1.01459
1.16759
-1.02988
1.10251
-1.44115
-1.12398
-1.24131
-0.454171
-1.11537
1.24266
0.797384
-0.993699
0.862275
-1.16377
-1.71705
-1.13959
0.706172
-1.67248
-0.913524
-0.166488
0.598076
-0.890104
1.27698
0.82841
-0.614877
1.21611
-0.73514
0.952816
1.19937
-1.21031
-0.368753
-1.63323
-0.437496
-0.388389
0.92384
-1.3655
0.5925
-0.663697
-0.337785
0.744834
-1.44275
-1.34386
-0.720398
1.68728
-0.585861
-0.709105
-0.856062
-2.3867
0.451465
-0.506766
-0.886494
-1.3411
0.397461
-1.26775
-1.30745
-0.443433
-0.821954
-1.48943
-1.32049
-0.663182
1.07621
-0.908449
0.0590071
1.18677
0.653954
-1.05885
1.21318
-0.801462
-1.23256
0.741249
-0.65456
-1.74446
0.29329
2.00971
0.48607
1.82378
1.36393
-1.35719
-1.43339
0.881737
0.792014
-1.4573
1.04425
-1.23089
-0.907985
-1.46626
-1.38637
-0.575431
-1.04475
-1.43691
-1.00293
0.963255
-0.913573
-0.532197
-0.738175
-1.14672
-1.04008
1.23978
-0.868665
1.69806
0.191166
0.866651
-1.01547
1.17361
-1.04366
-0.707337
1.29674
-0.658737
0.566424
-1.4775
-1.17789
1.12992
-1.28525
0.60002
-0.0956691
-1.21111
-1.43313
1.27124
-1.57802
0.899139
1.3032
-1.6191
0.969076
1.22828
-1.15601
-1.29501
1.27454
0.989269
-0.952209
1.50433
0.176542
1.37601
1.23621
1.77098
-0.188853
1.07
1.13835
-1.07685
-1.29335
-0.857146
1.31224
0.650231
-0.771662
0.481916
-0.911719
0.3373
-0.679671
1.5334
-1.05917
0.873898
-0.594065
0.797695
-0.779244
-0.234945
-0.291521
0.748841
1.31567
-0.90435
-0.503418
-1.19732
1.26165
-0.759895
-0.503842
-0.542606
0.998817
-1.35441
-1.51764
0.974424
1.09198
-0.816904
-1.31963
-1.22934
-1.4895
0.427133
-1.3198
-1.25014
-0.774155
-1.3297
-1.26726
0.227766
0.306592
-0.732484
-0.865264
-1.00762
-0.987294
-1.1192
1.02732
-0.321543
-1.33641
1.0071
-0.763389
0.827451
0.538718
-1.2783
-0.965328
1.2608
0.993512
-0.728903
-1.1149
1.14475
1.25816
-1.22513
-0.971568
-0.637764
-1.69531
-1.71796
1.11864
-0.948275
1.00589
-0.430349
-0.512834
-1.08774
-1.79369
-1.25819
-0.516883
1.07081
-0.788017
-1.11747
-1.06838
1.02292
0.3709
-1.35831
1.09595
0.550952
-0.247583
-1.07441
0.366798
-1.05121
1.29997
-0.607804
1.47958
1.32961
-0.802848
1.52732
1.58413
-0.904371
-0.661363
-1.1117
-1.03417
-1.39623
-0.731088
-1.01677
0.360918
-0.62541
-1.6573
-1.13023
-0.740811
0.457755
0.569454
1.18949
1.39621
-1.19086
-1.00395
-1.13627
1.2246
-1.3279
0.383524
0.343615
-1.17628
0.510545
1.35457
-0.0116717
-0.48194
1.43951
0.73473
-0.326062
-1.34424
-0.832741
-1.36074
-1.23019
-0.957819
0.272496
0.304658
-0.522283
-0.638819
-1.09315
1.47411
0.599249
1.11059
-1.05099
1.18498
0.741992
-0.795602
-1.3114
0.498542
-0.809407
-1.46842
1.10001
-1.07567
-0.989939
0.564086
1.68786
1.10757
-0.382323
1.11139
-1.39368
1.64158
0.741586
0.489613
-1.59382
1.72449
-0.836078
-0.827458
-1.10641
0.510445
-0.381553
-1.59893
-0.153072
0.987505
0.769018
0.948888
1.33124
1.06875
0.328039
-0.782141
0.800256
0.664093
-0.564389
1.56292
1.15551
0.920703
-1.05214
-1.65557
-0.795514
0.0351098
0.562437
-1.11095
-1.37299
0.418236
0.425585
-1.67708
-0.916184
1.43288
1.04316
1.16222
-0.990803
1.70907
1.22486
-1.78852
0.711628
-0.959769
-1.42021
-1.14121
-0.741945
-0.975308
-1.1043
-1.09999
1.37829
1.52463
0.849699
0.819723
-0.838348
0.802204
-0.793193
-1.72561
0.316647
-1.80047
-1.12066
-1.29675
0.352428
-0.359367
-0.539275
0.606951
-0.661091
-1.41445
-0.967202
-1.26959
-1.08588
-0.928992
-1.9618
-0.499825
-0.739466
-1.49259
-1.18141
0.712858
0.888267
0.857303
-0.654891
-1.55017
-0.863412
-1.36599
1.15436
1.20994
1.16728
0.803137
0.462212
-0.722599
-1.0285
0.20268
0.109399
0.952784
-1.32204
-1.67021
1.24039
1.29327
-1.19242
0.920273
-1.4125
0.858624
-0.415486
-0.0504997
0.151813
-0.483398
-0.619122
-0.553864
0.390298
0.79139
-1.1261
1.02581
-0.787094
0.820583
-1.15579
-1.38152
-1.35293
0.695578
-0.663548
2.05276
-1.03976
0.732761
1.04053
-0.801933
-0.500639
0.468695
1.46285
-1.21915
-0.0495183
-0.248792
0.31662
0.0713634
0.656661
0.601876
-1.11595
1.48901
-0.777924
-0.978883
-1.48866
-0.611264
-0.98458
0.556646
-1.24444
1.17638
-0.992562
1.05982
0.743011
1.1593
0.554094
0.467129
-1.41782
-0.854992
-1.04696
-1.74624
-0.766709
-0.745257
-0.956293
0.196047
-0.241511
-1.10448
-1.4956
-1.67536
-1.07882
1.40259
1.20718
-0.640377
1.59938
0.55432
-1.17857
-0.785477
1.13336
-0.624007
0.967688
-0.0296822
-1.21966
-1.07517
0.448701
1.28511
1.8469
0.243488
-1.52106
-0.867897
1.45784
-1.27447
0.332276
0.189237
-1.59232
-0.176873
-1.49676
0.931825
-1.60124
1.36174
0.619338
-0.948899
-0.733478
0.713856
-0.520045
-1.00794
0.0578422
-1.24508
1.35288
-0.355016
-1.29051
-1.22649
-1.09154
-1.05321
1.36683
1.13865
0.295181
1.34666
-1.7251
-1.53003
-1.26382
-1.26797
-0.147056
1.95804
-0.993281
1.03154
-1.03606
-1.37165
-1.39738
-0.613271
-1.50649
-0.616939
-1.05244
0.724961
-0.998684
-1.40314
-0.754176
1.13832
-0.54319
-1.01057
-1.17962
0.734738
-1.0841
0.936665
1.42088
1.07492
1.10332
-1.12702
1.23176
0.617019
-1.0106
1.26628
-1.45778
-1.03705
0.696872
0.441309
-0.523567
0.69283
-0.762919
0.854742
-0.815562
-0.0797783
-1.26894
-0.728292
1.36005
-1.20087
1.04272
-0.6682
-0.979733
-0.169043
1.49225
0.210679
0.268341
-0.558702
0.529431
1.40103
-0.95124
0.885005
1.05737
0.81332
0.801131
0.392554
1.03596
-1.12525
-0.836777
1.37176
0.791163
0.978464
-1.09526
-0.609234
-0.386993
0.93004
1.43752
1.04839
0.765
0.713223
-1.37093
-1.09974
1.24436
0.728704
1.17142
-0.834825
0.37219
0.0550365
-0.280373
-0.698712
-0.454504
-1.16912
-1.10189
0.504247
1.15051
0.376615
-0.728711
-1.06872
1.82361
0.233366
0.523571
-0.937429
0.0382368
0.0682023
-0.688983
-0.716526
1.63773
0.363389
-1.38411
0.765752
1.60442
0.388946
-0.366667
1.38081
1.61579
-0.763773
-0.271162
0.737069
2.03066
1.21412
-1.31075
-0.87662
1.15776
1.09173
-0.995063
0.319309
1.34968
-1.07895
-0.865678
1.34801
-1.42392
-1.15963
-1.16138
1.84185
0.972585
1.07295
-1.50725
0.938551
0.676436
0.587889
1.71909
1.0682
-0.508054
-1.49235
-1.3766
1.3735
1.49375
1.48199
0.691771
-1.05908
0.625733
0.922271
-0.954973
1.41322
-0.986936
0.417481
0.982929
-0.541267
-1.59224
-0.274535
1.83479
-0.0256026
-0.142348
1.82008
-0.185086
-0.226536
1.39861
1.13718
-1.28735
1.67695
-0.538652
-1.36522
-0.928707
-1.44901
1.2158
-1.11002
-0.519682
1.39558
-0.927894
-1.01598
-0.554728
1.31899
-1.3045
-1.45855
-1.50833
1.53157
1.68023
-0.679986
1.58582
1.19358
1.61714
-0.144495
-1.25344
0.746712
-1.36475
-0.894034
1.22169
1.58678
0.903297
-1.01936
0.445711
-1.50317
-0.872149
-0.879801
0.527446
0.60053
-1.11316
-1.03227
-1.19215
-1.09302
0.957385
0.630828
0.537871
1.41742
-0.570981
-0.695275
-1.08526
-0.882277
-1.37592
1.25036
1.32911
1.28412
-1.24332
0.77793
-1.09863
-1.40445
0.749619
-0.477283
-1.32961
0.898672
-1.02031
0.782553
-1.19282
-0.79652
1.02505
-0.790294
0.62535
1.28686
0.516478
0.531688
-0.547683
-1.63287
-0.953417
-1.12142
1.05983
0.0819934
0.27969
0.223543
-0.254411
1.42734
0.89784
-1.51903
-0.967599
-1.47389
-0.847014
1.52279
0.671394
0.711782
-1.20633
1.33461
-1.40499
-1.55513
-1.04484
-0.770394
0.692382
1.29058
-1.54062
-0.604265
0.581612
0.98025
1.31593
-1.44976
0.592064
0.82496
-0.947542
-1.00031
-2.02987
1.08295
0.664074
0.577433
-0.776256
-1.70983
-0.280664
1.48702
-0.560934
-0.950261
-1.25734
1.19353
-0.848023
0.998667
0.7047
1.74726
1.63264
-1.39653
1.16491
-1.16084
1.31274
-1.22113
0.789597
-0.749025
-1.51975
1.15918
-1.29412
-1.20705
-0.676263
1.53597
1.01632
-1.03075
0.488953
0.541195
0.536727
-0.808026
1.32072
1.39527
0.756853
1.28907
-0.721506
-0.623019
0.733107
0.613353
-1.3362
-1.43563
0.724262
-0.726245
1.60518
-1.3456
-1.38889
1.24816
-0.481195
-1.38248
0.41803
0.87623
1.38436
1.40672
-0.653336
-0.820972
1.07026
1.33686
-1.42843
0.469615
0.418951
-0.68844
1.30613
0.686273
-0.766893
0.354573
1.11022
-1.2027
-1.37712
-1.07406
0.282603
-0.735204
0.878264
-1.80052
-0.495272
-1.31547
-1.53619
-1.21876
0.828897
-1.26421
1.06448
1.07423
-1.27374
0.943141
-1.58087
1.81743
-1.48345
0.513679
-1.63407
0.301406
1.43938
0.680955
-0.618268
-0.728412
1.71077
-1.0187
-0.572481
-1.38737
1.45656
1.05176
-1.54645
-0.34827
-1.10941
1.05933
-1.42356
0.944148
-0.653408
1.0252
1.04186
1.2639
1.23547
1.10553
-1.03649
1.31089
0.974867
-0.298945
0.723121
1.2535
1.25073
-0.586657
-0.103295
-0.900562
0.564326
-1.18844
-0.516927
0.98586
-1.18088
1.26461
-1.28033
-1.27037
1.08453
-0.153202
0.944368
-1.34922
1.2837
-0.691282
1.18075
-1.22216
1.27975
0.847979
0.912411
0.976554
-0.460669
-0.881798
1.29541
1.13533
0.975375
0.901071
1.03553
-0.889683
-1.16435
-0.448851
0.638967
-0.548004
1.15975
0.865485
1.22449
1.17664
-0.994045
0.733462
-0.966105
0.52652
-0.712712
-0.823977
-1.14515
-1.03757
-0.521353
-1.45799
-1.40907
-0.782364
0.500212
-0.185413
-0.165965
-0.439104
1.50692
-0.437247
1.12123
1.1556
-1.52528
-0.564811
-0.89276
-1.46032
1.00502
-0.804673
0.777913
0.867717
0.149285
-0.497342
-0.859413
-1.33923
-1.39944
-0.648741
1.23638
0.756783
0.101457
-1.37915
1.43631
1.4139
0.713794
-1.11336
1.30982
1.25405
-0.878542
-0.577125
1.06124
0.861154
1.53132
-0.177185
1.29677
1.16117
-0.616652
1.02887
-0.747297
1.26287
-1.35077
1.11448
-1.27452
-0.418815
0.948208
-0.600025
-1.82965
-1.83018
-1.14077
-0.672499
-1.08989
0.641049
-1.82174
0.653202
1.19382
1.09018
1.0847
-0.997541
-1.64951
-1.37782
-0.94128
1.08691
0.900105
-1.27286
1.06421
-1.20628
0.711899
-1.11707
0.866285
1.14463
1.47644
-1.58643
1.4041
-1.51102
1.07742
0.522379
0.35681
0.967951
-0.930275
1.07581
-0.688475
-0.344302
-1.45377
-1.65599
1.2252
1.52588
0.310408
-1.02009
-0.706401
1.27628
1.09322
1.14147
0.7202
-0.616487
0.557602
-1.64083
-0.695004
1.57365
-0.386514
0.843544
-1.29453
-1.04813
1.02625
-1.19853
1.23349
1.22675
-0.0603033
0.734168
-1.242
-1.38084
-0.538661
-1.85778
0.373458
-1.18684
-0.913817
-0.113317
1.31063
1.1746
-0.80865
-0.784116
-1.22068
-0.896205
1.20993
0.793837
0.8656
1.07015
-0.917195
-0.794671
1.32629
1.78716
-0.532381
1.06177
-1.03793
-1.02865
1.09547
0.968114
0.770101
-1.56659
1.14959
-1.09269
-1.4329
-0.984882
-0.692063
-0.852067
-1.01062
-0.479546
-0.769133
0.978569
0.853639
0.975958
1.07979
1.54425
-1.45484
0.518646
0.670944
-0.896608
0.988891
-0.381082
0.815798
-0.600544
0.491826
0.899199
-0.768901
1.02491
-0.332821
1.32421
-1.22942
-1.2121
-1.36548
-1.60762
0.418268
0.385389
0.224218
0.818331
-1.39198
-1.41437
0.777451
0.872981
1.20616
1.36601
0.749931
0.712889
-1.18214
-0.848696
-1.02165
-0.839847
1.58644
0.538839
-0.415454
-1.11249
-0.864064
1.18332
-1.43441
-1.20494
-0.685204
-1.07824
-1.27315
1.35389
-1.34201
0.174544
0.512445
0.538822
0.463039
0.903375
-1.15785
1.20049
1.21829
1.08653
-1.69711
1.7171
1.76775
-0.735529
-0.353162
-1.00755
-1.14057
-0.914507
-0.775155
-1.42103
-1.8886
0.899142
0.744456
1.42941
1.48825
-1.30143
-1.29927
1.09937
1.28511
-1.09599
1.39618
-1.43503
1.18277
-1.2075
-1.34811
1.2948
0.973734
0.686051
-0.882229
-1.12678
-0.392447
0.913452
-0.878201
-1.52404
1.45039
-0.968128
0.983837
1.08893
0.549152
0.709127
0.430285
0.407611
-1.66976
-1.16446
1.15692
0.978265
1.02074
-1.07032
1.36808
0.174023
-0.00270148
1.90191
0.481258
-1.1941
0.50207
-1.47016
0.755281
0.847346
-0.877956
1.16382
-1.66693
0.47924
1.02736
-1.67033
-0.302705
-0.526193
0.0236713
-1.49535
-1.30786
1.1558
1.11955
0.996851
1.39143
-1.53748
-1.19464
0.902358
-1.10536
-0.919076
-0.974078
0.88242
0.572926
0.836349
1.36243
1.47844
1.44397
-1.49651
0.484169
1.05077
1.0006
1.1169
0.597984
-1.38646
0.646292
-0.137395
0.153353
-1.09185
-0.514936
-2.05988
1.77479
0.447582
-1.35535
0.754985
-0.883008
1.25607
-0.778394
1.2698
0.962548
-0.361965
1.63546
-1.21578
-0.800691
-1.08665
0.656369
1.14164
0.230307
1.37051
0.450146
0.612688
0.828581
1.28241
0.494401
1.4667
0.694488
1.21508
0.709263
1.26056
1.51109
-0.932064
-1.41225
1.32143
-1.45535
-0.548116
0.829418
-1.38713
1.08238
-0.895942
0.916819
-1.05831
1.13113
-0.812965
-0.113369
0.208037
-0.834372
1.39168
1.20112
0.796188
1.35712
-0.887122
-0.92757
-0.833222
-1.35316
1.15224
1.00595
-0.863578
0.807482
-1.05483
1.12089
-1.10076
-0.811378
-1.0764
1.25469
0.605212
1.18697
-1.03419
0.855375
-1.25149
-1.22075
-1.43049
-0.696439
0.813832
-1.27767
-0.544315
1.18046
1.12186
0.68284
-1.60358
1.23892
0.52833
-0.596336
0.920265
0.8333
-1.45507
-1.0349
-1.0912
-1.10259
1.26401
1.30129
0.579404
1.24596
-0.856046
-0.0786837
1.41839
0.84925
1.55962
-1.31175
1.08123
-0.455056
1.17076
-0.922205
0.420785
-0.555897
-0.42286
-1.21007
-1.03099
0.784009
-0.702881
0.99652
-1.14864
-0.666225
0.903253
-1.32057
-0.926095
-0.901254
1.09994
1.14049
0.963623
-0.77478
1.00552
-1.62228
0.530078
-0.964932
-0.61248
1.50751
-0.18751
1.05941
-0.688757
0.246568
-1.67093
-1.30292
0.695274
0.652319
-0.687574
1.33264
1.03929
1.19743
-1.2801
1.18293
-1.27449
0.323451
0.58649
-1.06389
1.40388
-1.34251
-0.612725
-1.24709
1.24415
0.891359
-0.667172
-0.808169
0.501009
1.6081
-1.46976
0.733777
0.491478
-1.25313
-0.862683
0.542233
-0.945571
-0.980946
-0.924821
-0.755458
-1.19191
-0.743985
1.21276
1.10811
-1.05087
1.63196
-1.04499
-1.22618
-0.628552
1.07328
-1.09797
0.984293
-1.21258
1.3267
0.977392
-1.63616
-1.19816
-0.705958
-0.787434
-1.82848
0.45684
-1.51247
-0.663686
1.4677
1.22713
-0.945721
-0.711215
1.3136
1.05425
-1.05416
-0.319488
1.66801
1.35806
-1.13921
1.28732
-2.14544
0.480878
-1.68387
-0.164971
-1.63572
-0.0798028
0.770827
-1.40087
-0.746309
1.26344
1.22122
1.07192
1.24982
1.19473
1.23593
-1.70409
-1.46679
-0.936048
-1.02937
0.754384
1.11746
-1.1672
1.69782
1.5117
-1.12638
-0.398331
1.82857
-0.87095
-0.58577
-0.848905
1.34298
1.43753
1.40382
1.08647
0.628587
-0.404888
-1.49472
1.07118
0.912839
-0.934226
1.25794
-1.75634
0.299637
0.404177
-1.57956
1.15061
0.868536
1.60298
-1.69028
-0.393219
1.81632
-0.91247
0.969364
0.804662
0.487146
-1.15721
0.894794
1.22969
-1.06614
-1.0848
0.92759
-0.348093
-0.652519
0.797871
1.07528
1.14304
0.933114
-1.15772
-1.13627
-1.0884
1.07826
-1.1596
1.33025
-1.51923
-1.22161
1.33041
-1.47479
-0.692175
-1.1883
-0.707166
-0.496378
-0.897431
1.18446
-0.97657
-0.896218
-0.814233
-0.909957
-1.30374
1.02163
1.12585
-1.05414
-1.02353
0.867101
-1.14223
1.05133
1.16294
0.686034
-1.5357
-0.264916
1.31886
-0.986857
-0.715998
1.03658
-0.948628
1.32811
0.785053
-0.892397
-0.71229
0.898595
-1.39704
-1.34481
0.827307
-1.18686
0.872274
0.818757
1.14009
-0.955286
-0.98918
0.748779
-0.849455
1.76746
1.57798
-1.00183
0.559393
1.32231
-1.00683
-1.28694
0.560196
-0.886244
1.03148
-0.735551
0.92659
-1.32618
-1.0794
-1.34992
1.89234
0.304889
-1.62891
0.949149
0.502665
0.421256
-0.55029
-1.31612
0.65276
1.42951
-0.495301
-0.896896
-1.00335
1.25528
-0.691762
1.21284
0.337581
-1.48633
1.58781
1.12838
-1.21121
0.734972
1.06218
-1.62059
0.363541
-0.346302
0.41295
-0.704151
1.27357
-0.791341
-0.939762
1.73639
0.529487
0.432699
-0.826616
-0.904665
0.418388
0.956293
-1.06773
-1.02986
-1.01928
-0.235395
0.704069
1.15632
0.568144
0.54298
-1.20702
-0.286077
-0.289913
0.359759
0.613443
-0.263231
1.37344
0.879089
1.21476
-0.597441
1.03359
-0.999147
-1.21316
-1.2399
0.653423
1.73215
1.23975
0.787411
-0.320731
-0.620452
1.3344
0.548173
1.35374
0.999548
-1.44302
0.671931
-1.37933
0.501689
0.999118
-1.28712
0.617238
-0.896139
1.35177
0.537398
0.713528
-1.24567
1.05643
0.842374
0.900888
-1.0599
0.599528
0.738585
1.2473
0.322121
-1.37204
-1.4765
1.38827
1.30154
-0.825854
0.582387
0.519992
-1.08483
0.482907
-0.720283
-1.17101
1.0741
0.928285
-0.795654
-0.805018
0.629754
1.39563
0.443916
1.24863
0.809845
-1.8708
-0.811435
-1.04249
-1.6282
1.62058
0.599761
-0.153777
0.798551
1.16726
1.1211
0.71627
-1.24833
0.870812
1.04989
0.666395
1.09376
1.08589
-0.75338
0.474517
-0.466302
0.553612
0.654535
-0.566079
-1.36618
1.42689
-0.620616
0.93267
0.940787
-1.0045
-0.928746
1.29061
-0.797668
-1.1133
0.793256
0.975292
1.00448
-1.39348
-1.17476
-1.27457
-1.4074
0.537806
1.05861
-0.98011
-0.886635
1.34482
-0.93991
1.0056
0.783394
-0.374571
1.43705
-1.12026
-1.26079
-0.95557
-1.63017
-1.25469
1.77815
1.35487
1.23134
-0.53232
-1.24595
0.722909
0.64642
1.66304
0.633665
1.59326
-1.67523
1.36308
1.47956
1.56752
0.0935659
-1.39115
0.784549
-0.7225
1.1196
0.848461
1.06485
0.657694
-1.23546
-0.577573
1.56921
0.799349
1.25001
1.3218
1.09697
0.787329
1.1668
-0.323653
-1.3533
0.48136
-1.30256
0.863934
-1.03641
1.51318
-0.786443
-1.31785
0.69671
-1.20796
-1.39083
-0.577109
1.27878
-0.519468
0.639741
1.70516
-1.02133
0.834006
-1.47825
-1.55421
-1.24391
-0.134982
1.7528
0.850667
-1.22547
-1.12952
0.682082
1.46862
-0.944356
-0.931679
0.977703
0.211084
1.34137
-1.09445
0.642499
-1.11919
1.19725
0.419392
-1.20536
1.21869
1.35704
0.823168
-1.12014
0.869637
0.94545
0.976884
-0.907915
0.701898
-0.843613
0.308769
0.509048
-0.865469
1.60084
-0.754388
0.912804
-1.34494
1.41775
0.760022
-0.0681554
-1.86799
0.701197
-0.83437
1.35681
0.767668
0.970165
-1.52282
1.35967
0.411208
-1.56402
0.535114
-0.657265
0.881135
-1.12421
-0.867574
0.94074
1.52998
1.48246
-1.49606
-1.36735
0.24167
-1.1718
0.895623
-0.871497
1.30627
-0.601527
-0.318889
-1.51455
0.470104
0.535344
1.72227
-0.510777
0.414733
1.48602
0.43705
1.12367
-0.751341
1.22501
-1.05724
-1.01047
-1.03662
-0.809379
-1.54148
-0.539429
-1.58474
-0.50832
-0.694049
0.688326
1.21298
-1.57169
-1.4121
1.55351
-1.0616
-1.58134
-1.7127
1.10501
-1.06247
-0.819916
0.942613
-1.63988
-1.1925
0.674228
0.769148
-1.55781
1.43299
-1.28688
1.03508
-1.41008
-1.83814
-0.461067
0.878501
-0.698592
-1.63287
-0.415254
0.460789
-0.784832
-1.69553
0.536183
-0.331942
0.649228
-1.10311
0.681847
0.583506
-0.828936
0.755227
-0.838328
1.19884
-0.651636
1.28909
-0.750955
-1.13324
-0.712119
-0.588923
-1.83124
0.722578
1.13763
-1.20691
-1.19117
1.42086
-0.989785
1.17155
-1.30812
0.978531
-0.567367
0.944822
-0.308081
0.81916
-0.817116
-0.655281
-0.424852
-0.977865
1.38163
0.604095
0.917365
-1.37775
-1.03311
-0.301276
-0.166563
-2.01873
-1.46546
1.29622
0.707992
-1.46393
1.02218
1.17195
-0.726103
1.3475
0.546888
-1.38221
1.27693
-1.07158
1.48502
-0.211251
0.896469
-0.970622
-1.04579
0.688947
0.0218456
1.53849
1.29496
-1.11431
0.631439
1.40803
1.19943
-0.495629
0.520949
-1.42141
-0.868203
0.742875
-0.0227892
0.389246
0.396024
1.11231
1.41196
1.00957
-0.856664
0.762286
-1.77407
0.259031
1.08952
0.727505
1.31067
-1.37404
1.52392
1.04616
-1.2125
-1.80349
-1.87739
-1.6061
0.40337
-0.371502
0.847605
0.792168
1.0626
1.18913
-1.22487
0.201372
1.21179
0.736838
-0.766095
1.06426
1.22968
0.960413
-1.71438
-0.985964
1.02356
-1.59869
0.688468
-0.954402
0.843736
-1.28983
-0.663249
-0.457501
-0.732165
-1.06085
-1.09315
0.770345
-0.735219
-1.53694
0.445132
1.18486
0.691896
-1.69323
1.05711
-0.878454
0.950118
-1.0399
1.84713
-0.739804
1.73236
0.739357
1.33232
1.34726
0.977932
-1.23549
0.650058
-0.223304
1.43831
1.39714
-0.16562
1.05251
0.639115
1.35762
-1.37952
1.02038
1.72561
-1.268
-1.26164
-1.56757
-0.642726
-0.836061
1.38929
-0.765402
0.871366
0.792049
-0.629115
0.695081
0.8485
-0.73695
-0.747721
1.07095
1.19891
-1.35133
0.673944
-1.4103
0.422151
1.60085
0.476857
0.511529
0.936312
0.622709
-1.33925
0.876479
1.04723
-0.930337
-1.13621
-1.58827
-0.801533
0.190735
-1.53121
-0.66019
-0.0192709
-0.0129844
0.656052
1.03308
-1.34833
-1.08136
0.991167
-1.20557
0.924227
1.23432
1.37509
0.784158
-0.766109
1.1148
1.44417
0.96601
1.22523
0.914156
-0.970487
-1.23238
0.781992
0.383661
-1.13519
-0.63804
-1.16082
1.26871
1.33558
-0.574858
0.750178
-1.40708
-0.408506
-0.663532
-0.875043
0.661109
-1.16913
1.49772
-0.120697
0.712584
-0.881295
1.20965
0.845132
-0.792056
-0.942405
-0.667412
0.556342
-1.98768
-1.88067
0.514669
0.9509
-0.592835
-0.961123
-0.507326
-1.15874
-0.767392
-0.441362
0.569783
-0.66457
0.984188
-0.906095
1.12702
1.02589
-1.24148
0.383957
-0.335922
0.223293
-1.24371
0.228103
1.53153
-0.84278
1.39997
-0.646392
1.08058
1.1859
1.05227
-0.992709
0.851028
-0.555529
0.31364
1.22237
-0.750135
1.2111
0.762111
1.32555
-1.11221
0.657073
-0.871773
-0.967724
0.921745
-1.04796
-1.24928
1.56377
0.0214897
-1.18156
-0.56933
-1.48136
0.158651
-0.548303
-0.477381
1.34398
0.636735
-1.26529
0.656899
-1.44102
0.387739
-0.33837
1.48656
-0.468993
-0.574979
-1.06772
0.458641
0.682839
1.16281
-1.16095
0.445688
-0.392648
-0.810323
-1.05852
-0.932264
-0.798914
0.609285
-0.706512
0.706224
0.902594
-0.300172
-0.80549
0.783862
1.41812
0.872245
0.912717
-0.966995
1.18134
0.934352
1.0071
-0.778992
1.14116
-0.816638
-0.99592
0.621481
0.670005
0.483852
1.04418
-0.990166
-1.02143
1.59518
-1.29954
-1.35455
-0.847855
-0.849564
1.52217
0.423521
-0.613289
-0.761405
0.785146
-0.814554
1.48543
1.01999
0.833561
0.99911
-1.08187
-1.02701
1.03525
-0.927979
1.6226
1.76279
0.072576
2.12313
-0.987603
-1.09478
1.34849
-0.712808
-0.79169
0.807724
0.623417
0.650322
1.02482
0.397329
1.5912
-0.498468
1.00247
0.835463
-1.3133
0.132109
-0.540174
-1.48928
-0.0778891
1.29927
-1.20093
1.15034
-0.11103
-1.65406
-1.67947
1.34097
-0.899636
-0.895013
1.27426
-1.74798
-1.2909
-1.05542
1.1541
1.24686
1.00943
1.28473
-1.15345
-0.912041
-0.709515
-0.997925
-0.837684
1.10307
-0.189372
-1.70383
-1.57337
-0.409352
1.47709
-0.223157
-0.521043
-0.641382
-0.00990221
0.937311
1.16619
-1.26268
1.03694
1.58984
1.32702
0.713159
1.01327
1.45334
0.325767
0.759631
1.2494
-1.3242
1.15987
-0.789671
-1.39236
0.532277
1.43791
0.181885
0.284461
-1.17301
-1.40773
1.01533
1.09693
1.00062
1.66596
0.584497
0.566485
1.47775
-0.976127
-1.20884
-0.307107
1.25986
0.81624
0.98189
-1.20329
1.07485
-0.79591
0.845711
0.400579
-0.708433
-0.950005
-1.68827
-0.515058
-0.858476
0.339897
-0.0492957
0.152978
-0.113209
-1.36713
0.133634
0.215502
-1.43734
0.535946
-1.23351
-0.522153
1.13414
1.17153
-0.63898
-1.59144
0.244131
0.950719
1.38951
0.110254
-0.832237
0.159087
-0.0620884
0.71666
1.09287
0.649277
0.896962
1.18985
1.61909
1.14815
-1.0235
-0.0439691
-0.0996005
1.67325
0.520061
-1.25565
1.61705
-0.455977
-1.57321
1.35913
0.733706
0.469944
-1.41438
0.644453
-0.792324
-0.719634
-0.679718
0.115664
1.05927
-0.893706
1.03693
0.791996
-1.04202
-0.521099
0.517672
1.33065
1.49345
0.829919
2.15501
0.539621
-0.601772
-1.01217
-0.844023
0.785192
-0.408991
-1.59656
0.0871372
-1.75438
0.0666028
1.33121
-0.728599
1.33518
0.73601
-0.450782
-0.756809
-0.792949
-0.693142
-0.799779
-1.39873
1.12698
1.34826
-1.30479
1.07997
0.90815
-1.24591
1.56952
1.1709
1.02546
-0.609622
0.720984
0.782669
-1.26228
-1.45299
0.965533
1.25332
-0.812013
-1.29365
-0.776299
-1.39021
-0.689819
1.51524
0.853348
0.649947
0.553334
1.41599
0.949067
1.31653
1.18737
-1.22951
0.959901
0.65906
-0.484605
-0.84057
-0.54961
0.603576
-1.76337
1.56205
-0.413154
0.455772
-1.10877
0.121096
0.842971
-1.34099
-0.229456
1.56713
-0.525952
-1.89391
1.59149
0.741092
-1.30734
0.799142
1.17622
-0.823873
-0.803068
1.69253
-0.297689
0.701063
0.527688
-1.33261
1.41411
-1.18927
1.05204
-0.494529
-1.45141
1.11832
1.15719
-0.73157
1.00102
-0.733207
1.01717
0.71619
0.444587
1.12813
-0.742002
-0.255613
-1.02998
-1.20469
0.498283
1.48007
1.14905
-1.2691
-1.66449
-0.190774
-0.627056
0.835167
-1.38522
-0.475564
0.221148
-0.354537
1.52951
1.51885
-0.807605
-1.38026
-1.20475
1.06308
0.890991
0.898462
0.819665
-0.934852
1.29135
0.549326
-0.237372
0.785106
0.387614
1.18114
-1.14187
-1.1323
-0.879461
-1.27032
0.551428
-0.991622
-1.2453
1.07371
-0.281104
1.22849
-0.803606
0.971271
0.635759
0.471749
-1.79933
-0.637392
0.989838
-0.596879
0.642192
1.01613
-1.24798
-0.534805
-0.780974
-0.799512
1.11683
-1.89317
1.30147
0.865679
0.757209
0.923492
0.892629
-0.0948158
-0.0878794
-0.207698
-1.89197
-0.698599
0.748392
-1.53346
-1.00145
-1.24801
1.31063
-1.18287
-0.918527
0.738307
1.23754
-0.685367
0.967238
1.20037
-0.743917
-0.818745
-1.05542
-0.799476
-0.995375
-1.00876
1.10924
0.44658
0.491502
-1.12983
-0.376213
-0.584196
0.785532
1.23458
0.22182
-1.38038
0.13385
-0.0838301
1.23758
-1.15248
-0.783173
-0.694262
-0.754496
0.958382
-0.975813
0.390546
1.25994
1.20477
0.544373
-1.26654
1.18876
1.10094
-0.675429
-1.43713
1.17307
0.816623
0.858256
-1.10725
-0.847591
-1.39268
-0.613831
0.746528
-1.37557
1.16173
-1.7745
1.48742
-1.49335
0.844155
-0.775821
1.46987
-1.1598
1.34173
-1.12243
-1.42289
0.969388
-0.898513
1.39363
0.788776
-1.2439
-1.42538
0.812794
-1.41299
-0.714759
-0.835099
-0.823704
1.39538
-0.882051
-0.866076
-1.35562
-1.34578
0.594091
0.361539
-0.894032
-0.918499
1.23002
1.05164
0.838865
-1.50706
0.718336
-1.23557
1.02308
1.18617
-0.923761
-0.657972
1.03044
0.747834
-1.94686
2.05367
-1.25669
0.578345
0.947096
-1.0534
-1.78485
-0.685136
1.05661
-1.71594
-0.73271
0.846522
-0.891587
0.572009
-1.76813
1.49402
1.65265
1.56225
-1.34953
-0.721466
0.878616
-1.34495
0.664203
-0.477608
-1.33006
-0.687832
-1.69861
1.66288
1.26479
-1.05452
0.562151
1.07887
0.800228
0.974634
1.33544
0.745329
-1.00205
-1.09537
-1.29728
0.481479
-0.452434
1.14282
-0.885919
1.00374
0.567221
-1.79851
-1.0171
0.914839
-1.26304
0.494715
0.666921
1.0417
0.661077
1.31168
0.719455
0.49889
-0.796667
-0.670673
-0.653545
0.314527
0.904308
-0.521021
-0.335997
-0.908113
0.877489
0.839511
1.5121
1.40903
-1.551
0.847155
1.26396
-0.863553
0.817006
-0.613021
1.21541
1.16698
-1.61296
1.45259
-1.6949
1.57347
-1.31248
1.0965
-0.871695
-0.863825
1.37328
-0.970119
-0.682824
1.82545
-0.788494
1.09402
0.976607
-1.31388
-1.61411
0.609901
0.569255
-0.474309
0.700202
-1.22405
1.15964
-0.680834
0.538311
0.630833
-0.605993
-1.36906
-0.33977
0.502214
-0.687676
-1.15799
-1.01018
-0.594481
-1.18909
1.1252
-0.823278
1.22636
-0.85987
-0.469357
-0.303559
-0.645866
-1.04172
-0.691631
0.701677
0.574748
-0.746742
0.576421
-1.0902
-1.59539
-1.56862
-0.80431
1.16113
-0.509296
-0.9023
0.866532
-1.76887
-1.19591
-0.914173
1.09075
-0.868494
-1.03011
-1.01048
-1.19753
1.24395
-0.71004
0.118086
-1.67966
1.29456
0.986949
-0.832583
1.53381
-0.691927
0.790073
1.26883
0.892682
0.777206
1.3868
0.499834
-1.66563
-1.48882
0.0914625
-0.242744
0.889558
-1.08591
-0.407165
-0.858684
-1.04178
-0.0398189
-0.292829
-1.81752
-0.029839
-0.976276
1.31808
-1.2006
-0.516614
-1.3897
-0.967102
1.05124
-0.700497
1.44242
-1.17823
1.2392
-1.26723
1.23706
0.816668
-0.984024
-1.95739
-1.41493
1.91872
-1.0221
-1.40433
0.82267
-1.29328
-0.951546
-0.54164
-0.289815
0.213172
1.33069
1.49114
-0.847554
-1.55658
-0.239205
-1.72574
-1.21029
0.540994
1.38141
1.55291
-1.04893
-1.16367
-0.759875
-1.85124
-0.371656
-0.780457
1.15995
-1.23858
0.544332
1.23897
1.26359
-1.4839
-0.153253
-0.830422
1.19485
-0.0555129
-1.68578
-1.11488
-1.28957
-1.80085
-1.34904
0.560382
1.53262
-1.13507
0.409881
1.39652
1.21021
-1.16903
0.626315
2.47032
-1.05674
1.12116
-0.144807
-0.880064
-0.994766
0.477753
1.46629
0.366989
-0.39439
0.6023
1.80156
1.88687
0.263891
-0.631543
-0.871518
1.32649
-1.01632
1.24427
1.15853
-0.371858
-0.576197
-1.23302
-1.38092
-1.55544
-0.809862
-1.73826
-0.856583
-0.663646
0.367125
0.48523
1.48201
-1.26646
-1.32135
-1.00127
-1.88493
0.393552
0.466303
0.910712
1.12909
-0.736512
1.53174
1.50887
-1.09385
1.00928
1.44861
-1.21429
-0.456151
0.517135
0.905675
-1.37105
-1.1837
-1.65166
1.01975
-1.15024
-0.936075
0.0368141
-0.450475
0.721112
-0.78267
0.906102
0.602849
-1.15856
-0.867834
-1.44339
1.49942
0.913347
-1.11993
0.464648
1.10962
0.7883
0.646538
1.00797
-0.707986
0.688926
1.06546
1.05412
-0.757353
-1.34597
1.225
-1.77892
0.520474
0.955512
1.39653
-0.745109
0.483925
0.112686
0.445904
-0.422428
0.587005
1.14355
-1.16881
-0.777696
0.925139
-1.04155
1.02303
0.982721
-1.68266
-1.13814
-1.19003
1.30339
-0.88935
0.910981
-1.07785
1.60039
-1.66574
-1.45782
1.19501
1.12042
0.826845
-1.34098
-0.169514
-1.39263
0.360417
-1.16474
-0.668563
0.561713
-1.01771
1.06479
-0.859013
-1.491
-1.24043
0.780682
-0.579028
1.10979
-0.892949
-0.708321
0.394787
-1.3975
0.99732
-0.818325
-0.568305
0.379525
-0.745494
1.04462
-2.08803
-0.341693
0.321693
-0.593712
-1.07679
1.28733
1.18834
1.76781
-1.52123
1.54623
0.595124
1.22815
-0.52816
0.382939
2.09724
1.83074
-1.96643
-0.555359
0.634769
-0.399645
-1.6748
-0.523547
-1.62192
1.36252
1.55937
-0.0791319
0.583459
1.2331
-1.43549
-0.169967
-0.533094
1.49936
-1.07939
-0.806394
1.68918
1.17853
-1.54236
1.33409
-0.267186
0.206296
0.191501
-1.87238
-1.34402
-0.850529
0.670305
1.18891
-1.11188
-0.978405
1.11735
1.35221
1.35038
0.58477
-0.683499
-1.55069
1.18525
-1.1395
-0.618639
-1.17172
0.351169
0.256923
1.64011
-0.975074
0.589133
1.12082
1.33973
-0.640643
-1.38074
1.5909
1.72054
-1.02201
1.48537
1.59767
-1.38093
-0.853371
1.11197
1.62853
1.40619
-0.898776
0.803876
1.06105
0.907796
-0.401444
-0.709801
-0.477805
-1.29958
-1.58687
1.2617
1.00756
0.559942
-1.2257
-0.538708
0.0314634
1.87977
0.126477
-0.661862
-1.54762
1.40322
0.55586
-0.962633
1.24504
0.914272
-0.921498
1.21276
0.322358
-0.169967
0.509707
-1.49986
-0.490097
0.525846
0.244214
-0.81153
-1.12605
-1.33384
-1.43641
-0.907412
0.80127
0.887137
-0.991038
1.5284
-1.64283
-0.672515
0.563013
0.653455
-0.763016
-1.31472
0.469674
-1.1276
0.833654
1.60774
-1.07395
0.465198
1.14352
-1.07688
1.68442
-1.40163
0.668972
-0.439675
-0.656435
0.78499
-0.586262
-1.42125
-0.669312
-1.28949
1.33557
-0.783776
1.18374
0.818298
0.699046
0.867217
-0.602106
1.50875
-1.03443
-0.993975
-1.14574
-0.995497
1.1866
0.607882
-0.40734
0.479751
-1.33824
-1.12341
-0.850418
0.723206
1.53233
0.575076
-1.19105
0.105496
-0.140414
-1.4496
-1.27407
-0.774329
-1.24196
-1.22255
0.783596
0.427551
-1.48045
-1.31587
1.04728
-0.85225
1.1744
0.632638
1.12334
-1.40695
1.02575
0.706909
0.858574
1.40282
0.680389
1.14289
-1.39569
1.43408
0.801603
0.379564
-1.39828
-0.877421
1.14479
0.311535
1.55503
-1.89641
1.73196
1.18894
0.873305
1.65054
-1.44288
-1.4187
-0.507052
-1.36273
-0.916688
0.86159
1.104
0.907156
0.755199
0.691709
0.771465
1.33599
0.899788
-1.30585
-1.05802
-1.406
-0.351212
-0.230259
-0.494033
0.490366
0.601395
-1.5461
0.136535
-1.94927
1.79807
-0.264145
-0.349664
-1.55393
-0.93509
-0.874682
-1.34201
0.994311
-1.7152
-0.076109
-0.852505
1.13187
-1.14018
1.00973
-1.17741
-0.822068
-0.820383
0.442407
-0.748482
0.578873
-1.28499
-0.0979175
0.25916
-1.66967
-0.804718
1.08682
0.804551
1.39732
-0.133418
-0.369921
-1.49566
-0.397962
1.2917
0.769655
1.41461
-0.522974
-0.601447
0.422213
0.347234
-0.583085
0.783895
1.01538
-1.56204
-0.475349
-0.485592
-0.883918
-1.37443
0.865896
-0.675064
1.21588
1.10401
0.447311
-1.70826
0.426474
1.32642
-0.947476
0.885748
1.25249
1.42774
0.364631
-0.121643
1.60453
-0.484691
0.914805
0.608047
1.19393
1.38616
1.13688
-1.3054
-1.07503
1.0472
0.926466
-1.00798
1.64165
0.532547
-0.691853
-1.18362
-1.15788
-0.323738
1.66592
-1.0107
-0.0503602
-0.0737107
1.24389
1.29454
0.88945
0.760505
-0.778272
1.31523
1.26899
0.807405
0.61364
-1.12879
1.82295
1.31674
1.87877
0.801343
0.945647
-0.878263
1.5486
1.27231
-1.18334
-0.699735
-0.851987
-1.34479
-1.21614
0.661596
1.36283
-0.616257
-0.24706
-0.124376
1.25749
-1.23675
-0.902675
-1.21893
0.226003
1.25419
-1.24735
0.114503
-1.49487
1.03597
-1.23026
0.829354
-0.913169
1.12107
-0.661103
-0.949696
-0.408548
0.945337
-0.783317
-0.480271
-0.866658
-1.45911
-1.09172
-0.903639
-0.88863
-1.23508
-1.78095
-0.90187
-1.37628
0.961514
1.05395
0.160189
1.10216
-0.950156
-1.73906
-1.92755
1.4544
-0.503676
1.2838
0.219985
1.64625
-1.6136
-0.443191
0.712546
0.849743
-0.647571
-0.917133
0.243392
0.0111029
0.480316
-1.45003
-1.14273
0.213944
-0.619273
0.336543
0.761453
1.43002
0.852321
-1.14318
-0.608413
1.65213
-0.52591
1.79276
0.408655
1.49375
0.714944
-0.629596
-1.33418
-1.82882
-0.197926
-0.87119
1.30389
0.672389
0.898866
-0.969661
-1.11014
-1.01281
-1.14384
0.682271
-1.49569
-0.819313
-1.08954
-1.07636
-0.797756
1.46714
-0.584311
0.487682
1.40637
-1.60103
1.22637
-1.04277
1.0043
0.126406
-1.29185
-1.39657
1.01912
0.914055
-0.831947
1.63112
1.31417
1.33389
-1.00432
-1.26424
-1.10385
1.17406
-0.599855
0.99062
1.03581
-1.30819
1.43006
0.549452
-0.966073
0.859177
-0.929995
0.884424
-1.25134
1.09037
0.0604945
0.0863017
1.19874
0.493025
1.623
-0.177901
-0.774556
-0.798864
-0.799754
-1.35365
0.762589
-1.38824
-1.21387
1.27026
0.704939
1.18753
-1.46555
1.1224
1.18477
1.1492
-0.990148
-0.991999
-1.01518
0.228335
1.7297
-1.20615
1.44166
-1.46798
-1.31988
-1.3056
0.98391
-0.821777
-0.93328
0.83963
-1.13131
1.19648
-1.33831
1.54074
1.02872
-0.639503
0.675273
-0.525556
-1.41037
1.19631
0.821993
-0.50235
-0.591962
-1.44499
-0.903212
0.906955
0.938967
-0.0643871
-1.3679
0.771033
-0.352513
0.644317
0.688734
-0.969423
-0.676707
1.41337
-1.01584
-1.12551
1.83533
0.111732
1.38864
0.890753
-0.964602
0.83682
1.4096
-1.05973
-1.10835
0.446363
1.04487
1.12912
-1.09919
0.37179
0.655152
-0.352231
-0.439218
0.636156
-1.14249
0.644537
-0.60569
-1.68087
1.75644
0.0866494
0.793303
-1.16701
0.843782
-0.479059
-1.65179
-1.335
1.269
-0.935284
0.928003
1.29014
-0.729377
1.06827
1.05031
-1.38737
1.33007
-1.22212
-0.641504
0.931527
0.674512
-1.22331
-0.834252
-1.32955
1.42491
-1.34486
1.32746
0.865242
0.871216
-0.948328
0.737836
-1.12222
1.11545
-0.488421
-1.03405
-0.729605
1.27512
1.63462
0.322498
-1.49424
0.932203
-1.04997
-0.573984
0.761871
-1.19869
1.6016
0.623457
-1.03791
0.374529
1.06418
-0.977579
0.835398
0.647865
-0.721391
-1.23943
1.20052
1.28798
-0.790362
0.860017
-1.32587
1.20967
-1.67405
-1.04282
-0.95784
-0.726611
0.774577
0.442149
1.44579
1.08042
0.447216
-0.255481
0.685648
-0.912717
-0.811243
0.952641
-1.30228
-0.399316
-0.616857
0.820892
-1.2622
-1.79766
0.432582
-0.231206
0.680559
1.47231
-0.834899
-1.18018
0.563295
1.30587
0.60799
1.53681
-1.57476
0.824202
-1.32798
-0.507346
-1.16629
1.17711
0.651044
-1.59275
0.328392
-1.61269
0.610631
0.357189
-1.70991
0.476802
-1.38249
-1.42039
-0.583854
-1.17131
-1.51546
-0.57187
1.40197
0.942698
0.781614
1.18553
0.456414
0.934367
-0.90171
1.07754
1.26018
1.45406
-1.27043
-1.17242
-0.750775
-0.973183
-1.35355
0.450872
-0.396459
1.17565
0.783971
-1.37444
-1.07898
-1.67532
-0.765289
1.28944
-0.647087
-0.504306
-0.731941
1.07066
-1.08075
0.873763
0.92236
-0.820663
-1.13289
1.29233
-0.929709
0.482147
-1.58826
-1.29863
0.699742
0.37301
-1.14792
0.580462
0.605392
-1.40208
-1.83215
-0.690871
-1.18356
0.923515
-1.52654
1.25738
-1.18747
-0.274163
1.78671
-1.10491
-1.36707
-0.081769
1.23529
-1.2475
0.512579
1.31035
-1.53543
1.4055
-0.475332
0.813542
1.02318
-0.678035
1.39124
-0.868181
-0.915748
0.574768
1.2327
-1.226
-1.12955
-1.02969
1.24217
-0.653657
-0.797845
0.910356
-1.15409
-0.912518
1.0754
-1.37557
-1.01221
-1.30605
-1.19103
1.08671
1.48844
0.804189
0.784452
1.6519
-1.19502
-0.702934
1.61781
-1.37624
1.33082
0.657871
-0.743514
1.03165
-0.920601
0.533776
-0.352993
-0.759678
-1.66169
1.10871
-1.32626
-1.04141
-0.592884
0.988832
-0.841485
1.22587
-1.1359
1.12637
0.600022
0.283784
-0.491806
-1.47088
-0.758423
0.60644
-1.07051
0.815635
-1.13841
-0.533385
1.22432
0.976507
0.4311
1.08573
0.876883
1.6051
0.618744
1.40539
-0.876704
-0.777864
0.39804
0.431343
1.41881
1.42614
1.15891
-1.08676
-0.531083
1.60911
0.115812
0.216037
-0.893416
0.356378
-1.43093
-0.449894
-0.782551
-0.38033
1.25305
-1.30982
1.24652
1.22337
-0.783309
0.702335
1.03838
0.438728
-0.316452
0.320571
-0.483109
0.660926
0.592874
1.58946
1.29234
1.26325
-1.05493
0.949002
-0.242784
1.14151
0.972961
-0.0498914
0.0462857
-0.765992
-0.821788
1.45354
-1.02484
-0.97321
-0.69668
-0.0618258
1.26539
-0.597582
0.352509
-1.45948
-0.989269
0.796584
1.08346
-0.564257
-1.16973
0.114217
-0.337063
-0.566125
0.485763
-0.550345
-1.37564
0.908796
1.20871
0.646574
0.861256
-0.638964
1.28908
-0.728637
-0.675352
-0.430556
-1.31817
0.523475
1.68641
1.62867
-0.511215
-1.24167
-1.12644
-0.887737
0.408933
0.928693
1.081
-0.873738
-0.412676
-0.732613
0.834581
1.30317
-0.677551
1.32399
-1.26622
1.322
0.668238
-0.233322
0.286686
-0.533657
0.360805
-0.937587
-0.564275
0.081661
1.31418
1.15324
-1.20364
1.48249
0.3416
-1.24792
-0.347369
-0.222499
-1.06985
-1.12526
0.400238
-0.169114
0.671078
-1.02995
0.713559
-1.40456
-1.01279
0.287796
-1.0017
1.15282
-0.402637
0.417665
1.78353
-1.74056
-1.43022
0.808644
-1.14642
0.775988
1.46677
-1.60587
-1.7394
0.812772
-0.993675
-1.46073
0.766747
0.952466
-1.03332
0.545501
-0.857443
-1.34161
0.573486
0.96052
-0.664448
1.29001
0.787527
-1.01245
0.324123
1.87043
0.0668416
-0.69345
0.980725
0.798514
1.39609
-0.626958
-0.991551
0.363201
-0.950426
-1.23495
0.150594
0.274016
-1.29872
1.40667
1.13793
1.48879
0.930695
1.42812
0.645148
-0.670476
1.01954
1.61538
1.15272
-0.834347
-0.975277
-0.664718
-1.36876
-1.34125
-0.803714
0.778464
0.106024
0.833957
-1.55024
1.01117
-0.494497
1.03656
-1.36386
1.10016
1.16643
-0.802224
-1.16941
-0.888401
1.24365
-0.873487
1.35514
-0.641479
1.11101
1.38326
0.923752
1.4921
-0.929563
1.76102
-0.509665
0.74814
0.812627
0.968191
-1.11939
-1.04547
1.12871
-1.21904
0.905931
0.90461
0.775034
0.88817
-0.983063
0.989002
-0.0673294
0.940286
1.32303
0.602614
0.727638
-0.549413
0.695399
-0.954137
1.59419
1.19974
-1.30533
1.37871
-1.93264
-1.24726
-1.10094
-1.1328
1.55477
0.827146
-1.14221
1.41583
-0.390468
1.1175
1.3315
-0.72158
-1.0298
-0.737432
0.676639
-1.16433
1.29631
0.884833
1.4767
1.19122
1.01954
0.993719
1.28115
-0.810558
-1.22807
-0.361081
-0.93189
0.857576
0.587966
1.15232
-0.421163
0.846723
0.483466
-1.74726
-0.536707
0.695022
0.870418
-1.03126
0.539168
0.420155
-1.44456
1.12046
-1.2181
0.278313
1.01412
1.10028
-1.26922
0.564918
-0.81946
0.96334
1.11152
-1.01258
0.689592
0.494385
-1.06966
0.669352
0.777982
0.192984
1.61992
0.929046
-1.51995
-0.709726
-1.28095
1.48093
0.391103
-1.33589
-1.05688
0.551338
-1.67967
0.517671
-1.01914
-0.896196
1.09845
-0.680515
1.3469
1.15634
-1.02448
-0.62392
1.32664
0.955089
-1.18551
-1.155
-1.1661
-1.1017
0.908933
0.640483
-0.651997
1.17358
1.07417
0.816612
1.23105
-1.00502
-0.939195
1.17988
0.678112
0.205634
-0.580441
-0.889066
-0.744558
-1.36181
-1.17818
-1.3496
1.27097
1.54375
-0.945471
-1.36273
1.08332
-0.959521
-0.691749
-1.20023
-1.35012
-0.557526
-1.36354
0.935336
1.05799
1.28315
1.31673
0.855467
0.988213
1.58372
-1.69587
0.64658
-0.96897
0.93092
-1.09135
1.34492
-1.16144
0.793547
-1.9121
-0.832142
-0.729946
-0.776903
1.14019
-1.43115
-0.991402
-0.768512
0.920141
-0.975283
0.635393
0.957653
-0.942859
1.72272
0.582616
-1.38323
1.15117
0.671779
1.30033
-0.402133
-0.471936
1.19561
-1.02336
0.757085
-0.646197
1.09603
-1.30597
1.14891
1.15919
1.02145
-0.906747
0.32414
-0.0450287
-0.612067
0.63624
0.276366
0.372299
0.788891
-1.00947
1.27164
-1.0031
1.03947
-1.36523
1.16243
1.69352
-1.82091
-0.935411
0.970214
0.885309
1.13681
-0.711443
0.511177
1.16753
-0.765405
-1.63345
-1.01164
1.61738
1.46399
0.130475
-0.0634484
-1.49191
-0.455351
0.660158
0.725002
-0.81743
1.08466
0.779605
1.37343
0.913377
-1.16354
-1.1951
-0.830216
-0.771694
1.58143
-1.43663
-0.358079
-0.622009
0.890146
0.569828
1.31762
1.09988
-0.832905
0.425612
-0.479672
1.50276
0.732832
-1.43775
-1.29434
-0.425303
0.726351
0.913799
-0.588394
1.72952
1.0264
-1.30493
0.499191
0.983571
-0.701166
1.13087
-1.44239
0.924277
-0.965169
-1.71162
1.11327
-0.98245
-1.80108
0.280688
-0.404561
-1.39035
0.767081
-1.41737
0.54276
1.44188
-1.27745
-0.914926
0.681685
0.401416
1.09004
1.24782
-1.33361
-0.611922
-1.37285
1.01084
-0.673875
-1.2588
0.839037
-0.831656
-1.06506
-1.26595
-1.63144
0.458872
0.669202
-0.558625
1.12819
-0.649936
1.37792
-0.910805
-0.998006
0.991367
-0.545517
-0.565407
-0.60115
-1.32455
1.17162
-1.41035
-1.09338
-1.15859
0.907615
-1.06217
-1.48655
-1.28258
-0.865831
1.00518
0.748176
0.464566
-0.526982
-0.637402
1.23258
-1.10439
0.957156
-0.869061
-0.754828
1.41644
0.597784
-0.612384
0.560851
-0.686565
-1.37923
-0.763067
-1.4667
0.365056
0.397172
-1.65081
1.62096
-0.67627
1.03725
-0.91266
1.15225
0.629451
1.37452
-0.732099
-0.96089
1.25822
1.05099
-1.71423
-0.484776
1.4767
1.76439
-0.402086
-1.33257
-0.762624
0.762894
0.567779
0.816355
0.585239
-0.988212
0.62961
0.731971
1.09447
-1.3211
0.412708
1.21829
-0.800045
-1.44946
1.36747
0.811519
1.34997
-0.397982
1.76902
0.645809
-1.03414
1.12017
1.27384
0.581032
0.239935
0.154903
-0.774387
0.576865
0.757172
0.6378
-0.69331
1.35279
-1.02573
-0.657285
-0.763326
0.986865
0.608038
-0.854011
-0.910009
0.865176
1.24887
1.22312
0.687585
-1.17307
0.350973
1.66308
0.0220226
1.15734
-0.978148
1.08882
0.81361
0.852613
-0.631075
0.697085
0.939103
1.10271
-1.30552
0.676983
-0.870438
-1.36165
1.19494
-0.629515
-1.67154
-1.36565
1.06507
0.894847
-0.595483
1.59069
1.77921
-0.406828
1.19948
-0.125267
-0.531368
1.76621
-0.728285
-1.06326
-1.41945
1.31696
-1.50363
-0.125116
0.983402
1.17399
1.39588
-1.651
0.314012
1.4061
1.40219
0.876768
-1.42448
1.70412
-0.627454
0.147064
0.0746287
0.0583944
-1.7088
-0.78263
1.17783
0.568056
-0.220879
-1.67401
-1.66613
-1.48336
0.654217
-1.19832
0.730599
0.907833
-1.34361
-0.987325
0.656315
-1.77239
1.53438
1.42932
-0.875116
-0.80865
-1.09975
-1.45836
-1.12526
-1.86066
-0.658051
-1.01388
-1.41205
0.562601
0.892639
0.926964
-0.95855
-0.0376393
-0.982022
-1.1167
1.17322
0.758911
-0.512632
-1.53623
1.35115
-0.733616
1.34179
1.00147
-0.799859
0.539922
-0.994177
0.912856
0.848505
-0.716139
1.04312
-0.356998
-1.66619
-1.12062
-1.5838
1.57254
0.728253
-1.28196
0.867472
1.23548
-1.20755
-0.975084
-1.51208
-0.148957
1.6087
0.780661
-0.820417
1.12474
-0.557374
0.923825
0.571633
-1.40559
1.3395
0.688131
-0.997461
-0.359324
-1.50784
1.22622
0.996703
-0.138554
-1.26611
1.3211
-0.672961
0.947692
1.49442
-1.17548
-0.352915
1.42072
1.05385
1.18734
-0.812378
1.23551
-0.682663
1.4955
-1.02021
-1.09541
1.24973
1.18732
0.9314
0.848701
-1.45252
-1.31472
-0.516852
-0.481651
-0.223236
1.63014
-1.61741
-0.471249
1.27259
-1.41691
1.43204
0.684119
1.03283
1.46531
1.06773
1.37694
-0.867111
0.752378
-1.05232
-1.12026
-1.07713
-0.329273
1.21751
0.321957
-1.00424
-0.971388
1.39036
0.612951
-0.527377
-1.44906
-1.30478
0.177276
-0.364865
1.44946
-1.12039
-1.32396
0.960283
-0.810421
-0.949696
0.699572
-0.706305
0.725948
1.15579
1.16081
-1.83679
1.08008
-0.5383
-1.50041
-1.32376
0.718247
-1.34463
1.43065
-0.596601
0.689396
-1.53329
0.779139
0.956188
-0.785994
-0.498036
0.395437
-0.979643
1.0199
0.882253
1.27591
0.246984
0.800554
-0.56585
-1.60139
1.42824
0.532128
0.658599
1.00202
-1.37867
1.03891
-0.746925
1.23571
1.38396
0.863529
1.36583
0.865374
-1.08277
0.481846
-0.0658369
-0.516827
1.22561
1.31109
-0.940979
-1.44795
-1.51178
0.418245
0.529678
-0.920658
1.17877
1.28011
-1.22705
-0.646502
-1.04727
-0.825303
0.398185
0.596678
0.296684
1.09085
1.38238
-0.533124
-0.463886
1.19363
-0.534974
-1.03366
1.30283
0.918042
1.60575
1.5794
0.893254
-1.24733
-0.506365
0.315599
-1.66562
-0.893037
-0.596144
-0.581079
1.48601
0.923917
0.464798
-0.487936
0.501748
1.4548
1.10349
0.913587
0.624967
-0.954743
0.827008
-0.934038
1.07473
0.501182
-1.29632
-0.507644
-1.22061
0.676336
-0.0237711
-0.00340561
-0.623345
0.502949
0.764543
0.942569
0.655678
1.34592
-1.57707
-0.410783
0.529649
1.05808
-0.960962
-0.811103
0.854917
1.61569
1.34338
-0.668043
1.13221
0.941412
-0.804868
0.632247
-0.993008
0.959146
1.36898
-0.398946
-1.53553
0.0857527
1.11273
1.42299
0.63456
0.806419
0.774308
-0.473321
-0.160535
1.75035
0.425399
-0.903636
1.20043
1.82229
0.39293
-0.896003
-1.01816
0.954794
1.41515
1.25344
-0.630495
0.48906
0.704351
-0.112468
1.28243
0.313196
0.178273
-1.05827
-1.28236
0.579529
1.01872
-0.811767
-0.579662
0.432582
-0.839253
1.11173
-1.35798
-0.546823
1.68438
-0.414848
-0.415175
-1.20975
1.28071
-1.0809
1.51819
1.5986
-0.507348
1.53732
0.669096
1.20982
-0.838962
0.104682
1.14146
-0.630878
1.02718
-0.967581
0.568347
-0.606522
-1.39499
-0.839661
-1.06024
1.68993
-1.67594
1.36868
1.49738
-1.38566
1.58931
-1.13028
-0.573717
1.1498
0.981112
1.07234
-1.2219
0.620672
0.841607
-0.696935
-0.922481
1.13051
0.479434
1.19268
-0.914556
0.967277
1.29294
1.17498
1.00538
-1.10369
-1.10377
-1.41037
-0.239874
0.879237
1.25515
1.7511
1.83865
0.716439
-1.6919
-0.0906226
1.10805
-1.38615
1.53799
0.780147
0.505071
-0.702627
1.19546
0.921771
1.29741
-1.37248
-1.24322
-1.10779
-1.37523
0.657662
-1.33002
1.17483
-0.409434
0.908294
1.4101
1.28412
0.910958
-1.03986
-1.13399
1.27894
0.460321
0.969339
-1.12773
-1.03843
-1.4652
-1.15634
0.55403
-1.20666
1.73737
-0.762359
1.44924
-1.35198
-1.0107
-0.916677
1.20878
1.04711
-0.379305
1.78223
0.535953
-0.913544
0.996624
-1.34039
-0.649176
-0.737292
1.49564
1.01542
1.23351
0.658523
1.16963
-1.68819
-1.6375
1.03641
-0.819558
1.23911
-0.334403
1.25025
-1.07371
1.17832
1.3173
-1.66185
-0.342532
0.49985
-0.78419
1.43034
-1.16547
-1.1304
-0.523429
0.293943
1.77924
0.254729
-1.36185
1.10733
1.42687
0.860049
-1.12058
1.15692
-1.24367
-1.017
-0.420766
-0.917501
1.35345
-0.512157
-1.22487
1.55569
-0.447488
-1.03379
-0.805361
1.18414
0.763976
-0.864013
-1.15263
-1.14467
0.903969
0.583761
1.67799
-0.804349
0.973178
-1.18732
1.84735
1.24318
-1.10714
-0.496824
1.32822
-0.971875
-1.65361
-0.00944668
0.1863
-0.999301
-0.848278
1.05959
1.48052
-0.631926
-1.07832
1.76968
-1.16721
1.3205
0.485237
0.81087
-1.33481
0.646137
-0.384086
1.91266
-0.28358
-1.36255
1.1241
1.42462
0.918881
-0.872548
1.72218
1.53723
-1.40732
1.46419
-0.669145
0.0550284
-0.814167
1.58005
-0.537859
1.12737
0.567139
-1.44523
1.41792
1.74534
-1.92524
1.8516
-1.14105
1.32789
-0.954597
0.126697
-0.807645
0.820903
-0.25067
0.500316
1.49591
-1.02698
-0.879264
-1.2824
1.273
-0.564612
0.943407
0.808039
-1.11834
1.43479
0.704151
-1.40112
-0.760952
0.52507
-1.55028
1.36835
1.72967
0.763982
1.29763
-1.44227
-0.807094
-0.66816
0.900638
0.778329
0.864104
-0.618533
-1.05532
-1.06952
-0.647581
-1.4255
-1.16223
-1.62386
1.13488
-1.5727
0.264351
1.61904
-0.668808
-1.02978
-1.03533
-1.09109
-0.644508
0.687811
-1.24361
1.18778
-0.481083
-0.862286
1.25961
0.888582
-1.45089
-1.14625
-0.78311
-1.25661
-1.25146
-0.916599
1.31885
1.59942
0.754754
0.719793
-1.06002
0.844844
1.84052
1.34254
0.896784
1.28012
-1.07133
-0.89293
-1.281
1.13578
-0.736451
-0.736536
-0.633174
-0.820941
0.793454
-1.36301
0.635103
1.45205
-1.30092
0.640435
-0.33134
0.222448
1.15555
0.534505
-0.846443
1.01974
0.724902
-0.772305
1.65156
-0.801446
1.39621
0.924292
-1.68709
1.20485
0.99273
0.506475
-1.43793
-0.824542
0.417064
0.643434
0.770428
-1.35124
-1.70038
1.44858
0.584405
1.43804
1.41062
-0.748597
-0.702784
-1.40635
1.45596
0.213328
0.921677
1.34891
-1.38605
-1.56578
-1.90371
1.27616
1.35989
1.33063
-0.966035
0.896858
-1.31687
-0.988334
-0.850287
-0.945253
0.38794
-1.13579
-1.22525
0.442748
-1.19621
0.469416
0.444235
-0.868766
-1.53675
-1.49106
-1.00669
-1.30633
1.05287
-1.45423
0.622823
-1.39685
1.04178
-0.692211
-0.640099
1.11482
1.18252
1.04711
-0.88707
-1.22511
1.23433
-1.17981
-1.78559
0.325602
1.51425
-1.10129
0.947708
-1.14343
0.670643
1.09639
0.977616
1.20598
-1.35723
-0.977293
-1.69295
-0.211089
1.58922
1.34219
-0.556246
1.24287
1.39432
-0.682034
0.84963
1.2562
-0.535307
0.381075
0.867774
-1.21141
-1.03611
-0.652741
0.678785
1.06813
-0.64527
-0.52805
0.904139
-1.68446
-1.84999
0.738968
-0.6491
-0.43045
0.491237
-0.15053
1.58279
1.49256
-0.402037
1.74521
-1.52779
0.976319
-1.10067
1.29663
1.37012
-1.47294
-1.12394
0.69402
0.700527
0.4624
-1.47745
0.965143
-1.0626
0.607397
-0.748293
0.650948
-1.23232
-1.36932
-0.963233
0.787205
1.51334
1.55612
-1.44897
0.571948
1.56606
0.874221
-0.804374
0.901387
-0.850432
1.50342
0.795896
1.61224
-0.451468
0.934631
1.26204
0.297493
0.207426
1.41298
1.85504
-1.30029
1.15289
-1.64604
1.42781
-1.03064
-0.657002
1.36215
1.05804
-1.40153
-0.840838
1.43328
-0.581479
-0.991905
-0.577579
0.829495
-1.13166
-0.843703
-1.02668
0.733404
0.321268
-1.1478
-0.890351
1.01171
-1.41168
1.0815
1.29414
0.607442
0.946879
1.89836
-0.708194
1.38971
0.493922
1.23214
0.86466
1.45565
0.644126
0.344313
-0.525176
0.931682
1.20463
-1.49591
1.38849
-1.63638
1.67663
-1.48468
1.69781
0.195465
-0.227758
-1.76055
0.0924035
-0.123058
0.103975
0.900864
-1.42098
-1.36523
1.20423
-0.865182
1.2343
-1.5039
1.62542
-1.62579
-1.05347
0.952204
-1.01586
-0.772387
-1.12214
1.8104
0.292254
-0.361754
0.604618
-0.848285
1.12761
-1.47041
-1.51844
1.86305
1.46097
-1.53238
-1.50395
-0.437899
0.781693
-0.745636
-1.09408
-0.860662
-1.2584
0.607273
0.77948
-0.517945
0.381933
-0.527683
-1.34189
0.169088
-1.01262
-1.31755
-0.483958
1.47258
-0.542555
-1.36159
1.33141
-1.31343
-1.38886
1.33081
0.379642
-0.213244
-0.235744
0.434184
0.523157
1.63372
0.305015
-0.887536
-0.828329
-0.170637
-1.37697
-1.14482
0.690575
1.46325
-1.59159
1.22448
-1.10103
-0.647786
-1.02683
-1.46329
1.12658
1.03587
-0.267576
0.98069
1.3012
1.08233
-1.00623
-0.80869
1.51735
1.65105
-0.531394
-1.74754
1.21562
0.620931
1.4734