-0.486898
-0.506604
-0.562607
-0.547196
-0.484528
-0.503557
-0.519715
-0.509555
-0.458753
-0.485812
-0.55333
-0.422883
-0.435314
-0.447096
-0.501065
-0.416634
-0.46103
-0.536888
-0.388954
-0.49277
-0.558661
-0.472746
-0.567045
-0.492632
-0.525362
-0.608779
-0.482462
-0.465477
-0.542632
-0.466519
-0.478249
-0.516588
-0.48221
-0.491308
-0.53711
-0.547188
-0.432225
-0.587732
-0.510576
-0.447291
-0.548765
-0.454938
-0.494084
-0.478278
-0.613031
-0.504077
-0.49399
-0.511728
-0.548653
-0.437324
-0.515016
-0.431107
-0.47559
-0.519198
-0.419892
-0.488265
-0.507181
-0.493247
-0.554853
-0.438216
-0.506315
-0.533457
-0.569674
-0.510347
-0.419559
-0.467988
-0.544809
-0.491148
-0.457817
-0.501665
-0.564435
-0.519698
-0.494664
-0.530749
-0.532408
-0.540489
-0.445084
-0.532236
-0.507697
-0.548238
-0.45416
-0.427004
-0.485594
-0.543411
-0.432414
-0.47778
-0.53828
-0.435141
-0.530713
-0.533759
-0.420663
-0.558777
-0.531031
-0.550636
-0.476802
-0.54077
-0.545362
-0.589417
-0.484581
-0.487747
-0.490227
-0.473113
-0.490615
-0.503763
-0.465352
-0.503025
-0.447406
-0.573556
-0.520944
-0.531328
-0.510316
-0.453826
-0.413553
-0.508747
-0.450534
-0.535274
-0.525542
-0.502546
-0.553773
-0.490453
-0.42743
-0.504281
-0.550955
-0.463318
-0.43837
-0.52505
-0.458991
-0.496778
-0.521275
-0.473948
-0.479238
-0.48974
-0.516709
-0.552168
-0.516582
-0.501715
-0.437146
-0.505342
-0.546065
-0.501857
-0.475115
-0.508381
-0.518934
-0.541383
-0.438246
-0.493477
-0.444601
-0.442533
-0.486949
-0.555714
-0.482028
-0.495792
-0.544473
-0.531729
-0.424745
-0.509521
-0.551799
-0.45858
-0.470203
-0.477271
-0.473272
-0.472696
-0.516506
-0.516463
-0.512537
-0.489229
-0.516698
-0.589523
-0.463333
-0.429062
-0.397633
-0.485761
-0.508253
-0.492405
-0.529575
-0.4615
-0.52957
-0.497557
-0.524749
-0.460671
-0.487427
-0.467873
-0.537122
-0.486417
-0.484665
-0.511651
-0.518214
-0.525503
-0.43369
-0.50451
-0.403808
-0.55018
-0.47124
-0.493226
-0.49681
-0.55316
-0.532044
-0.524189
-0.538142
-0.496856
-0.533198
-0.521766
-0.4753
-0.445773
-0.461946
-0.518148
-0.530615
-0.591233
-0.49695
-0.437247
-0.537626
-0.464734
-0.510542
-0.472331
-0.502773
-0.475363
-0.573998
-0.466962
-0.528784
-0.463867
-0.515181
-0.589588
-0.503081
-0.482587
-0.495501
-0.500259
-0.487346
-0.531394
-0.526937
-0.467224
-0.44375
-0.498443
-0.511853
-0.494088
-0.541483
-0.516071
-0.53167
-0.422124
-0.478768
-0.469338
-0.470692
-0.539692
-0.580453
-0.527207
-0.54236
-0.46618
-0.524096
-0.507752
-0.461263
-0.541047
-0.520913
-0.473229
-0.573206
-0.473067
-0.545489
-0.454634
-0.467591
-0.520258
-0.415881
-0.474544
-0.509941
-0.564313
-0.421173
-0.57953
-0.523228
-0.443426
-0.468501
-0.550026
-0.481719
-0.45469
-0.542726
-0.523213
-0.516654
-0.502373
-0.494127
-0.518918
-0.559991
-0.529275
-0.459555
-0.507349
-0.491374
-0.43232
-0.574114
-0.495741
-0.516202
-0.513319
-0.498181
-0.491578
-0.546822
-0.510114
-0.428238
-0.500296
-0.493298
-0.502653
-0.459194
-0.460565
-0.510839
-0.464
-0.469134
-0.458266
-0.441298
-0.46334
-0.469847
-0.457
-0.503513
-0.52179
-0.549124
-0.451856
-0.483848
-0.461429
-0.511813
-0.449058
-0.52586
-0.557246
-0.434797
-0.586032
-0.434271
-0.483954
-0.464365
-0.452217
-0.554678
-0.540775
-0.466458
-0.542933
-0.419674
-0.46488
-0.366695
-0.47683
-0.416726
-0.503112
-0.568939
-0.48528
-0.466096
-0.511314
-0.46557
-0.499798
-0.47599
-0.42581
-0.45343
-0.464255
-0.48367
-0.474961
-0.509467
-0.418395
-0.501784
-0.529375
-0.525298
-0.488985
-0.489452
-0.57913
-0.455755
-0.500394
-0.491394
-0.489942
-0.490898
-0.526493
-0.553123
-0.465359
-0.511019
-0.519653
-0.47387
-0.523352
-0.434105
-0.476252
-0.46122
-0.442542
-0.567617
-0.55083
-0.493421
-0.53389
-0.477424
-0.475181
-0.553913
-0.540816
-0.536548
-0.513322
-0.480348
-0.546183
-0.512925
-0.46501
-0.488278
-0.50568
-0.489562
-0.499503
-0.524588
-0.497999
-0.464729
-0.476036
-0.454613
-0.447122
-0.488382
-0.43369
-0.469282
-0.486734
-0.540846
-0.543235
-0.509345
-0.528125
-0.532035
-0.524064
-0.477503
-0.602364
-0.495268
-0.576471
-0.516514
-0.546776
-0.586068
-0.503431
-0.487942
-0.564274
-0.534052
-0.502703
-0.541301
-0.482847
-0.440169
-0.537076
-0.480791
-0.542007
-0.565576
-0.568331
-0.515205
-0.407254
-0.50213
-0.409465
-0.475991
-0.597788
-0.472493
-0.517309
-0.453251
-0.518127
-0.553158
-0.43342
-0.507671
-0.44122
-0.485262
-0.518528
-0.52038
-0.491146
-0.48041
-0.541321
-0.451492
-0.473715
-0.484407
-0.495596
-0.521661
-0.536995
-0.541681
-0.462012
-0.458285
-0.470554
-0.5657
-0.475573
-0.555986
-0.444814
-0.515916
-0.441864
-0.555933
-0.525636
-0.536765
-0.463778
-0.455439
-0.507531
-0.488621
-0.456351
-0.6242
-0.471571
-0.483698
-0.493078
-0.461043
-0.466214
-0.421203
-0.453336
-0.44797
-0.481724
-0.459684
-0.489515
-0.459612
-0.534014
-0.490803
-0.372571
-0.591997
-0.520956
-0.503604
-0.456785
-0.536976
-0.551907
-0.572396
-0.511348
-0.499676
-0.509926
-0.555762
-0.563356
-0.534847
-0.487431
-0.459964
-0.440561
-0.491402
-0.494068
-0.44872
-0.521622