-0.437263
-0.43271
-0.0620298
-0.441728
-0.425037
-0.44353
-0.489551
-0.488601
-0.475791
-0.448431
-0.470784
-0.454586
-0.473022
-0.442534
-0.507062
-0.494074
-0.499087
-0.478315
-0.458556
-0.391262
-0.440175
-0.412046
-0.479048
-0.402257
-0.477624
-0.477069
-0.384695
-0.483934
-0.392192
-0.449578
-0.451393
-0.451846
-0.382162
-0.497815
-0.443624
-0.417983
-0.488429
-0.429203
-0.388433
-0.461345
-0.464231
-0.456339
-0.464107
-0.450843
-0.446693
-0.507197
-0.466402
-0.440521
-0.440498
-0.447864
-0.419175
-0.458351
-0.485257
-0.425016
-0.477053
-0.499874
-0.459582
-0.485772
-0.494435
-0.3992
-0.394095
-0.43231
-0.40276
-0.424008
-0.432166
-0.356962
-0.37687
-0.415903
-0.455483
-0.435536
-0.449848
-0.431989
-0.411238
-0.457665
-0.430525
-0.456657
-0.344581
-0.460362
-0.502215
-0.43969
-0.371713
-0.417315
-0.432047
-0.419092
-0.412663
-0.356559
-0.366797
-0.379215
-0.382428
-0.45842
-0.447829
-0.450843
-0.484006
-0.436426
-0.448375
-0.42288
-0.488963
-0.431066
-0.461612
-0.477621
-0.39083
-0.419956
-0.460938
-0.394338
-0.401133
-0.405857
-0.46866
-0.488962
-0.394182
-0.460464
-0.45421
-0.442971
-0.39101
-0.495329
-0.434826
-0.458438
-0.470243
-0.416038
-0.42211
-0.481899
-0.466363
-0.448037
-0.451027
-0.445829
-0.474716
-0.399059
-0.458174
-0.429678
-0.470912
-0.454404
-0.411815
-0.460325
-0.469702
-0.424041
-0.337525
-0.359058
-0.424487
-0.442562
-0.455533
-0.474795
-0.458771
-0.444202
-0.476756
-0.465977
-0.364875
-0.444979
-0.405434
-0.439229
-0.431456
-0.481562
-0.411714
-0.412754
-0.43698
-0.44969
-0.44227
-0.481318
-0.401125
-0.368493
-0.485182
-0.396094
-0.423936
-0.445391
-0.413781
-0.433833
-0.382509
-0.427361
-0.375837
-0.403165
-0.354178
-0.447683
-0.465718
-0.416025
-0.447723
-0.423193
-0.446962
-0.388193
-0.490114
-0.432724
-0.425384
-0.451565
-0.451485
-0.427168
-0.379641
-0.421455
-0.37712
-0.445072
-0.464347
-0.449099
-0.468118
-0.392986
-0.461147
-0.478195
-0.463013
-0.43713
-0.451358
-0.377301
-0.406083
-0.449442
-0.352072
-0.473021
-0.458374
-0.454984
-0.508965
-0.415019
-0.476563
-0.445253
-0.477433
-0.394335
-0.431555
-0.427016
-0.456249
-0.475848
-0.40211
-0.43992
-0.442741
-0.430948
-0.432695
-0.428937
-0.400836
-0.449481
-0.44866
-0.48271
-0.447589
-0.50469
-0.421768
-0.452874
-0.454363
-0.436266
-0.450044
-0.426934
-0.46007
-0.454083
-0.443092
-0.34298
-0.428518
-0.486902
-0.466903
-0.43327
-0.410055
-0.460387
-0.43463
-0.396822
-0.456288
-0.480868
-0.45783
-0.469763
-0.499593
-0.427907
-0.403784
-0.459477
-0.488395
-0.476057
-0.45824
-0.47317
-0.43704
-0.409968
-0.475879
-0.461042
-0.432203
-0.479232
-0.419649
-0.444241
-0.30011
-0.437458
-0.411923
-0.428944
-0.499066
-0.466582
-0.419536
-0.441436
-0.382376
-0.42847
-0.455614
-0.43621
-0.4889
-0.468296
-0.416897
-0.415768
-0.384033
-0.480186
-0.447232
-0.46479
-0.383659
-0.372627
-0.436226
-0.453725
-0.443873
-0.461049
-0.503405
-0.419881
-0.37672
-0.3985
-0.443823
-0.37048
-0.474303
-0.469727
-0.436874
-0.484234
-0.265777
-0.464844