-0.264567
-0.271507
-0.382597
-0.348709
-0.408212
-0.406733
-0.310528
-0.260163
-0.27857
-0.376867
-0.308311
-0.289143
-0.356135
-0.369423
-0.354136
-0.402275
-0.299512
-0.327278
-0.387669
-0.35833
-0.324368
-0.320777
-0.337853
-0.251277
-0.368194
-0.283036
-0.395646
-0.353167
-0.265529
-0.308724
-0.229789
-0.397787
-0.403459
-0.459258
-0.368167
-0.362377
-0.312382
-0.336102
-0.424522
-0.279029
-0.341322
-0.3509
-0.367558
-0.479461
-0.349328
-0.273394
-0.367065
-0.549226
-0.331923
-0.270584
-0.376855
-0.318151
-0.235389
-0.351142
-0.265971
-0.378551
-0.269234
-0.294179
-0.32309
-0.330782
-0.342539
-0.282369
-0.238429
-0.434965
-0.259268
-0.27252
-0.294973
-0.412045
-0.334514
-0.394285
-0.437888
-0.340516
-0.365787
-0.321557
-0.250691
-0.371553
-0.370857
-0.40501
-0.370269
-0.42188
-0.370544
-0.356533
-0.330797
-0.294409
-0.245282
-0.2991
-0.247317
-0.348942
-0.446797
-0.372982
-0.234519
-0.38173
-0.354095
-0.317428
-0.432718
-0.266118
-0.339813
-0.363769
-0.199865
-0.29359
-0.334949
-0.371747
-0.225502
-0.392198
-0.369431
-0.402557
-0.300441
-0.295538
-0.326403
-0.325736
-0.217827
-0.343891
-0.310135
-0.315235
-0.272904
-0.240261
-0.345677
-0.393
-0.297693
-0.426509
-0.356002
-0.296185
-0.266497
-0.386766
-0.358413
-0.295915
-0.288058
-0.326878
-0.269907
-0.315336
-0.382285
-0.286171
-0.413265
-0.286619
-0.250764
-0.350174
-0.342972
-0.367812
-0.33789
-0.297009
-0.389505
-0.258827
-0.380099
-0.309597
-0.230213
-0.274276
-0.246841
-0.331664
-0.289239
-0.384613
-0.499844
-0.316759
-0.214499
-0.453648
-0.45058
-0.314962
-0.286744
-0.301537
-0.341131
-0.417436
-0.45879
-0.403101
-0.312525
-0.315009
-0.362626
-0.399711
-0.300974
-0.361704
-0.258032
-0.35256
-0.418077
-0.269282
-0.11885
-0.244308
-0.319971
-0.249126
-0.256571
-0.320323
-0.278716
-0.393906
-0.32193
-0.263659
-0.369054
-0.291417
-0.356897
-0.309695
-0.313778
-0.446641
-0.356958
-0.401123
-0.389776
-0.415686
-0.238614
-0.405601
-0.353198
-0.24777
-0.312556
-0.431774
-0.38367
-0.390164
-0.326942
-0.33874
-0.249158
-0.19773
-0.321281
-0.320968
-0.328071
-0.301201
-0.315543
-0.370679
-0.309899
-0.313592
-0.348911
-0.184117
-0.229204
-0.264679
-0.236193
-0.404859
-0.357609
-0.235338
-0.363107
-0.247291
-0.323823
-0.308104
-0.369559
-0.307255
-0.433131
-0.340311
-0.358797
-0.403824
-0.364836
-0.299238
-0.276857
-0.405818
-0.401835
-0.202729
-0.359293
-0.360102
-0.451997
-0.453904
-0.301519
-0.335682
-0.314857
-0.41617
-0.316621
-0.24492
-0.431042
-0.294384
-0.25056
-0.271651
-0.314441
-0.232309
-0.374577
-0.403256
-0.372834
-0.32388
-0.342702
-0.505123
-0.335076
-0.394226
-0.380635
-0.290781
-0.416417
-0.367568
-0.432572
-0.414313
-0.359356
-0.401016
-0.285105
-0.385431
-0.370804
-0.385391
-0.326508
-0.286073
-0.286293
-0.46518
-0.381898
-0.391527
-0.307136
-0.324639
-0.381481
-0.247357
-0.305939
-0.360832
-0.314786
-0.404737
-0.319868
-0.41977
-0.386765
-0.372879
-0.382212
-0.358339
-0.283794
-0.34178
-0.324506
-0.420238
-0.266617
-0.390027
-0.452847
-0.270876