1.45833
1.55577
1.66102
1.81383
0.264819
0.512921
0.484451
1.64875
1.15993
1.53856
0.829688
0.587006
0.182296
-0.667184
-1.203
-1.25355
-1.38622
0.00151848
-0.124348
-0.173078
0.225639
1.09835
1.12681
0.540294
1.39964
1.15954
0.753078
0.151525
0.507773
-0.408642
-0.520042
-0.909131
-0.559302
-0.120441
-0.227619
0.576974
-0.286091
-1.05546
-1.1068
-1.12641
-1.41972
-0.737631
-0.649188
-1.39257
-1.23828
-0.908395
-0.0986374
-0.12686
-0.352787
-0.982043
-0.220529
-0.445152
-0.259921
-0.437821
-0.499049
-1.28321
-0.3552
-0.016987
-0.0926554
-1.22392
-1.25338
-0.360253
-0.440261
-1.08262
-0.742738
-0.430744
-0.676865
0.177156
-0.902477
-0.556744
-1.32206
-0.860052
-0.746519
-0.247765
-0.976745
-1.05757
0.198344
0.383673
0.310804
0.643314
0.0697813
-0.880752
-1.21881
-0.374302
0.134478
0.542799
-0.107928
-0.636745
-1.27347
-0.981905
-0.449294
-0.282863
-0.0946838
-0.786103
-1.15775
-1.26053
-0.00488961
0.390078
0.549925
-1.06272
-0.838329
-0.0684573
0.0482393
-0.635874
-0.441301
0.401272
-0.279733
-0.760398
-1.09816
0.136539
0.956519
-1.0847
-1.26606
-1.17953
-1.44237
-0.84807
-1.10563
-1.11573
-1.19125
-0.709812
-0.490473
-1.13328
0.177688
0.721323
0.21525
0.503786
0.557049
0.87512
0.900551
0.983363
0.140474
-0.0493929
0.149118
0.483165
0.615782
-0.0918387
-1.02724
-0.34416
-0.219893
0.433853
-0.196177
-0.436842
-0.177196
-0.714461
0.568603
-0.571644
0.0571222
-1.18057
-0.537239
0.104949
0.687349
0.674534
0.61391
0.940609
0.953934
0.62313
-0.480122
-1.10539
-0.810784
-0.751612
-0.805467
-0.0927913
0.242279
0.731068
0.413992
0.138714
0.405771
1.62186
0.963985
0.855208
0.840779
-0.258281
-0.0688017
-1.41272
-1.24054
-0.705145
-0.747074
0.403092
0.587644
0.270988
0.999951
0.376818
-0.289827
-0.118635
-0.727802
-1.0038
0.45577
0.250447
0.929038
0.682682
0.220132
0.878115
-0.372666
-0.110439
0.615016
1.02813
0.735604
0.744698
0.149633
-0.512703
-0.870116
-0.534182
-1.08736
-0.770975
0.393236
0.757321
-0.134961
0.192588
1.02981
0.896525
0.325193
1.01058
0.715333
-0.279179
-0.556903
-0.641949
-0.603659
-0.893581
0.0137583
0.274153
-0.158967
0.769034
0.983991
0.706524
0.163478
0.401753
-0.063035
0.829741
0.426851
-0.418771
-0.844781
-0.566748
-0.492285
0.309491
0.370158
0.758065
0.817369
0.255496
0.152804
0.510602
0.0614131
0.471994
0.667807
0.455078
0.198729
0.382415
0.703329
0.309703
0.459197
0.842995
0.660973
0.535954
-0.765444
0.530609
-0.172525
0.790315
-0.408436
0.332583
0.788094
0.86937
-0.412603
0.820102
0.756435
1.1099
0.785297
0.602256
0.630207
0.706
-0.367194
-0.995584
-0.710403
-0.273576
-0.179479
-0.492142
0.404299
0.682704
0.275916
0.0297407
-0.197994
0.838949
0.395277
-0.562135
-0.770562
-0.0767621
-0.410931
-0.102963
0.424719
1.03937
0.90025
0.933919
0.586502
0.88297
0.931478
0.173972
-0.360135
-0.662835
-0.820791
-0.331539
-0.843162
-0.171453
-0.591438
-0.0979119
-0.719991
-0.669221
-0.519702
-0.744261
0.989143
0.800751
1.0842
0.0407673
0.781957
0.350145
0.624294
-0.0256604
-0.717693
-0.768878
-0.889612
-0.240756
-0.236321
0.596667
-0.619479
0.821042
0.380957
-1.05398
-0.243422
-0.302181
-1.14107
0.138003
-0.274786
0.407895
0.79171
0.644646
-0.145482
-0.622864
-0.683185
-0.767197
-0.476726
-0.450542
-1.09046
-0.496464
0.660043
-0.383652
-0.614433
-0.632726
-0.776864
-0.634199
-0.977084
0.893982
-0.173835
0.812873
0.827899
0.718423
0.313679
0.700706
0.587701
0.460868
0.91068
0.899541
0.168174
0.880055
0.785255
0.704696
0.628096
0.62817
0.734958
0.88653
-0.411531
-0.975483
-0.519257
0.399675
0.488407
0.142375
-0.343985
0.583786
-0.520663
-0.985164
-0.452922
-0.6626
-0.833631
-0.657843
-0.721332
-0.0657258
-0.63321
-0.216279
-0.845298
-0.969588
-0.840767
-0.853057
-0.723096
-0.827653
-0.779423
-0.757682
-0.845312
-0.90278
-0.741246
-0.796504
-0.860019
-0.734149
-0.879053
-0.647672
-0.577065
-0.922378
-0.870251
-0.728642
-0.21468
0.82621
0.854851
0.838156
0.311788
-0.309014
-0.74653
-0.542023
-0.779439
-0.792202
-0.743781
-0.753005
-0.744434
-0.211138
-0.833383
-0.809264
-0.858278
-0.830641
-0.772488
-0.812671
-0.764957
-0.854981
-0.810673
-0.797096
-0.740239
-0.770638
-0.806295
-0.79889
-0.814775
-0.765906
-0.834588
-0.71282
-0.763141
-0.766868
-0.791074
-0.764803
-0.869336
-0.862992
-0.841699
-0.841101
-0.811877
-0.909679
-0.754211
-0.83206
-0.833315
-0.823314
-0.799401
-0.830858
-0.844538
-0.794347
-0.817446
