1.31761
2.33437
3.74686
7.79488
1.79212
-0.346016
-0.368854
3.43314
0.110448
2.60548
-0.290384
0.370307
0.022444
-0.434884
0.440753
1.77715
1.53188
0.623129
0.108433
0.858888
-0.370284
0.717828
1.84005
1.11005
3.90511
0.105272
-0.470556
0.0730841
-0.316697
-0.214966
-0.394811
-0.263615
4.60738
1.69247
0.834998
1.31923
3.31282
5.26507
1.037
2.4727
2.12314
-0.393163
-0.316319
3.24036
4.94926
-0.415765
2.95887
0.131616
1.36571
3.67838
-0.353014
-0.358272
-0.345942
-0.0149398
0.337535
1.52538
0.190432
0.405867
0.207258
1.08106
1.87145
0.69945
0.494098
-0.0177107
-0.456855
0.063633
0.171927
-0.26801
0.856971
-0.0733272
3.84897
0.115776
-0.112026
0.386034
0.0866714
-0.211457
0.762118
-0.352187
-0.273387
1.00307
5.62853
-0.418433
1.74224
0.0746626
0.0911001
0.152436
-0.0450929
-0.414363
2.32662
0.0549453
1.88035
-0.290463
0.779029
-0.0860961
0.402791
2.47277
0.814517
0.427297
2.03458
0.295452
0.295927
2.85821
0.0186156
2.80422
0.0718518
1.31387
1.92995
-0.375689
0.943601
1.48843
-0.171263
3.36193
1.12028
0.194449
2.99528
-0.379999
0.551452
0.364781
0.48641
-0.252076
-0.366727
-0.0382726
-0.318819
-0.464414
-0.352109
-0.126273
-0.368355
-0.397316
-0.468451
-0.181044
-0.368712
0.108964
-0.206194
-0.325856
1.18788
-0.158758
-0.220271
0.820769
-0.0562747
-0.342047
0.107965
-0.30825
0.0115162
-0.34822
-0.235115
-0.0453635
0.0301939
1.34581
-0.310618
-0.339505
-0.389309
-0.381902
-0.417346
0.456727
-0.312198
-0.0622775
-0.150261
0.997642
-0.493378
-0.376343
-0.365654
-0.253007
-0.36143
-0.470128
-0.29937
0.1732
-0.365006
2.56564
-0.0918525
-0.173162
-0.263984
-0.359749
-0.246641
1.22439
0.939165
-0.434933
-0.477236
-0.163022
-0.325846
-0.241612
0.926082
0.265199
-0.250122
-0.240776
-0.375236
-0.329667
0.0445395
-0.356884
0.0488789
-0.161737
-0.367095
-0.376835
-0.246956
-0.140276
-0.410728
-0.301124
-0.305324
-0.456928
-0.0261354
-0.382277
-0.477521
-0.318364
-0.1619
-0.166159
-0.00958588
0.267138
-0.366879
0.115078
-0.269174
0.592391
-0.3581
-0.143657
0.429956
0.255205
-0.3729
-0.36252
-0.37147
-0.346678
-0.360592
-0.15894
-0.361092
-0.41639
-0.206445
-0.321795
0.0838232
-0.0760329
0.126115
-0.486848
-0.336539
0.0302715
-0.42999
-0.252408
-0.356526
-0.0827511
-0.357307
-0.431943
-0.485775
-0.135479
-0.258159
-0.142954
0.357146
-0.166516
-0.422625
-0.379674
-0.330046
-0.288792
-0.450828
-0.353824
-0.383121
0.125129
-0.42938
0.134321
-0.481054
-0.386748
-0.284064
-0.493673
-0.379673
-0.322441
-0.49308
-0.359414
-0.0751083
-0.338009
-0.475218
0.00764912
-0.344103
-0.416378
-0.402418
-0.428671
-0.358537
-0.298135
-0.453246
-0.351201
-0.0441829
-0.367678
-0.324444
-0.438516
-0.251813
-0.0115859
0.109286
-0.490804
-0.332406
-0.0322679
-0.434175
0.0842463
-0.311556
-0.340152
-0.248062
-0.256624
-0.346713
-0.275874
-0.383978
-0.396473
-0.277306
-0.207321
-0.369003
-0.354933
-0.49012
-0.0935198
-0.420169
-0.23469
-0.365384
-0.319044
-0.422098
-0.288916
-0.235091
-0.39813
-0.362668
-0.406642
-0.121744
-0.317478
-0.431872
-0.290816
-0.3904
-0.369867
-0.359823
-0.476031
-0.389141
-0.3608
-0.361984
-0.403531
-0.296855
-0.0474285
-0.36193
-0.249677
-0.371499
-0.355185
-0.0375547
-0.356728
-0.317129
-0.330235
-0.498058
-0.425158
-0.233641
-0.372786
-0.434825
-0.470315
-0.325687
-0.348667
-0.150643
-0.385919
-0.424309
-0.338417
-0.409931
-0.254632
-0.394466
-0.409845
-0.245599
-0.361609
-0.344674
-0.498291
-0.410951
-0.461359
-0.339744
-0.339772
-0.406392
-0.385083
-0.395227
-0.436342
-0.362766
-0.470594
-0.486898
-0.445399
-0.341122
-0.361656
-0.469195
-0.476329
-0.325074
-0.383592
-0.364435
-0.358559
-0.361325
-0.305602
-0.361371
-0.391527
-0.395815
-0.329743
-0.296161
-0.428224
-0.389098
-0.431155
-0.463226
-0.364682
-0.360547
-0.363468
-0.457273
-0.391609
-0.355486
-0.479951
-0.452619
-0.493395
-0.462161
-0.382439
-0.486441
-0.468464
-0.472447
-0.455695
-0.480197
-0.400571
-0.464927
-0.395569
-0.406418
-0.444323
-0.489147
-0.451324
-0.359159
-0.467545
-0.477673
-0.49351
-0.350918
-0.368027
-0.473055
-0.38063
-0.488716
-0.493553
-0.472574
-0.475537
-0.468361
-0.354096
-0.472149
-0.502088
-0.476289
-0.489383
-0.489695
-0.441048
-0.480768
-0.495682
-0.493601
-0.481527
-0.428748
-0.468006
-0.495018
-0.50026
-0.494118
-0.48588
-0.469088
-0.451988
-0.485093
-0.481842
-0.485654
-0.46767
-0.482298
-0.488362
-0.478011
-0.488418
-0.484513
-0.458508
-0.478035
-0.489933
-0.488686
-0.494769
-0.49128
-0.492383
-0.48914
-0.498626
-0.499775
