0.379014
0.568826
0.626524
0.786414
0.218833
0.863839
0.692599
0.272007
0.586259
0.638707
0.753949
1.16336
0.571931
0.609957
0.337818
0.93068
0.671355
1.37008
1.22886
1.40465
0.877641
0.879283
0.226317
0.26503
1.06864
0.583839
0.601236
0.562296
0.900232
0.573084
0.739554
0.719141
1.75322
1.53962
1.38692
1.36921
1.69913
1.52353
0.961859
1.18135
0.732919
0.445911
0.446169
0.963309
1.34011
0.473986
0.211525
1.23574
1.44961
1.43141
0.828169
0.878223
0.960076
1.10893
1.20186
0.818205
1.21453
0.475147
0.525328
0.806864
0.940726
0.299628
1.26058
0.646547
0.492486
0.416833
1.05997
0.736684
1.07773
1.02926
1.14991
0.915149
0.903557
1.28871
0.817803
0.567975
0.357832
0.899985
1.01635
1.28529
1.89325
0.628915
0.964064
0.443862
0.557172
0.347131
1.1807
0.593938
0.217328
0.79413
1.49988
0.718728
0.39517
0.88831
0.708887
1.04204
0.396867
0.33594
1.48945
0.799624
0.98884
0.228745
0.600184
1.54786
0.409552
1.43531
1.53691
0.436379
0.941615
0.288456
0.727019
1.32318
0.277506
0.593711
0.849386
0.681105
0.305505
0.753745
0.687233
0.84844
0.838711
0.541943
0.779407
0.584489
0.957879
1.02602
0.809577
0.651107
0.534512
0.417034
0.913293
1.23938
1.09502
0.616405
1.33891
1.1303
0.611683
1.36141
1.15888
0.674488
1.22451
0.63967
1.18997
0.770854
0.463531
1.03556
0.591983
0.930269
0.894945
0.831251
0.745383
0.759664
0.645758
0.961114
0.645328
1.00377
0.48566
0.939781
0.518557
0.731363
0.714474
1.07278
0.859645
0.576223
0.650676
1.25243
0.854398
0.342436
0.751799
0.801013
0.765089
0.937717
1.08015
0.552126
0.743635
0.517108
0.561297
0.548372
0.864738
0.679828
1.02853
1.22322
1.03804
0.724722
0.742724
0.49232
1.12823
0.931077
0.841747
0.387321
0.883268
0.448126
1.02364
0.661428
0.719382
0.530232
0.795333
0.491471
0.599716
0.683852
0.504088
0.564007
0.541339
0.859718
0.469113
0.334064
0.889289
0.531746
0.566178
1.03803
0.890199
0.409642
0.320472
0.434827
0.606311
0.498768
0.549962
0.675703
0.884515
0.623895
0.951947
0.680508
0.678708
0.804045
1.21246
0.498968
0.555552
0.576227
0.904962
0.435188
0.641564
0.474795
0.647902
0.561501
0.756513
0.667042
0.57646
0.619753
1.06401
1.02006
1.30727
0.498899
0.687779
0.775128
0.992643
0.977671
0.551604
0.915732
0.795404
0.351126
0.661321
0.348837
0.575342
0.672538
0.746427
0.5211
0.784462
0.733159
0.54909
0.684893
0.491633
0.426891
0.588158
0.618229
0.741602
0.672682
0.735878
0.676783
0.782887
0.466188
0.610214
0.804227
1.17492
0.678533
0.941233
0.60655
1.04935
1.1951
0.531475
0.565732
0.926395
1.05813
0.664204
1.23021
0.952735
0.828796
0.990807
0.568313
0.436371
0.427206
0.594498
0.644414
0.685293
1.09039
0.834943
0.466293
0.562186
0.552996
0.458721
0.709159
0.565033
0.796499
0.685642
0.849715
0.963624
0.445731
0.550532
0.682914
0.588837
1.02091
0.661412
0.678415
0.767335
0.919003
0.765218
0.492613
0.646488
0.830049
0.916347
0.739585
0.867317
0.8838
0.762441
0.523347
0.880882
0.894718
0.501138
0.857833
0.974725
0.688454
0.528049
0.616603
0.716376
0.784805
0.653725
0.60087
0.91997
0.887182
0.472167
0.770407
0.679873
0.719141
0.71527
0.880109
0.701528
0.721586
0.664216
0.662641
0.983912
0.538233
0.664672
0.574271
0.761561
0.784866
0.64977
0.806689
0.628883
0.474211
0.866349
0.502404
0.571037
0.629624
0.490139
0.509212
0.576541
0.530284
0.933072
0.552058
0.639952
0.865872
0.669806
0.77183
0.897109
0.765211
0.765339
0.478182
0.606713
0.588798
0.680551
0.623557
0.544325
0.88484
0.497145
0.855019
0.475074
0.51441
0.433796
0.576441
0.503392
0.546534
0.480419
0.726063
0.568962
0.542698
0.521098
0.627077
0.498172
0.709721
0.490515
0.526641
0.664684
0.507126
0.525864
0.501386
0.84345
0.485463
0.48584
0.557769
0.774295
0.901098
0.585743
0.800735
0.562281
0.565197
0.539176
0.584712
0.589361
0.956922
0.597238
0.522338
0.581521
0.499709
0.551259
0.458512
0.580589
0.529417
0.528731
0.588752
0.678171
0.611177
0.55041
0.524673
0.511768
0.536524
0.487422
0.530726
0.56305
0.504199
0.506245
0.609755
0.54407
0.535678
0.583679
0.506574
0.576508
0.551655
0.568705
0.570742
0.498733
0.516188
0.503244
0.506632
0.494144
0.528665
0.536165
