0.00632024
0.00966526
0.0169655
0.0373906
0.0140811
0.00326164
0.00213177
0.0148904
0.00355252
0.0136423
0.00347046
0.0118041
0.00404383
0.00139653
0.00874432
0.0176626
0.0102207
0.0149318
0.00956532
0.017566
0.00245144
0.0117537
0.0204407
0.0191392
0.0322573
0.00402608
0.00102278
0.00446678
0.00388045
0.00311466
0.00202836
0.0034225
0.0544365
0.0274382
0.0196071
0.0227616
0.0519177
0.0658325
0.0147017
0.0291431
0.0142069
0.00459517
0.00388139
0.0238467
0.0507914
0.00387965
0.0209067
0.0104922
0.0237852
0.0475767
0.00234776
0.00287545
0.00323843
0.00810212
0.0106455
0.0140589
0.0104436
0.00633635
0.00547508
0.0110354
0.0195214
0.00798057
0.0142295
0.00399005
0.00294112
0.00428426
0.00995776
0.00284004
0.0164304
0.00730947
0.0390377
0.00790624
0.0056567
0.013707
0.00674959
0.00249634
0.00771547
0.00299383
0.00435586
0.0190541
0.0761352
0.00166863
0.0193904
0.0038796
0.00472415
0.00711661
0.00805376
0.00148796
0.0223774
0.00584332
0.0279934
0.0029422
0.00790965
0.00619678
0.0075456
0.0250228
0.0082621
0.00635877
0.0314659
0.0069815
0.010107
0.0202512
0.00400022
0.0414144
0.00391379
0.0257295
0.0343611
0.0052182
0.0141163
0.0121053
0.00409276
0.0404273
0.0139743
0.00388111
0.0219049
0.00218128
0.0116456
0.00722613
0.00705608
0.00441143
0.00249996
0.00290605
0.00294782
0.00116713
0.00303373
0.00647625
0.00266454
0.00204106
0.002155
0.00566723
0.00240355
0.0099892
0.00558555
0.0024761
0.0223692
0.00661248
0.00292105
0.0193107
0.00806189
0.0023075
0.00887052
0.00256662
0.0086108
0.00259395
0.00311101
0.00712672
0.00436982
0.0147216
0.00351404
0.00248637
0.00213212
0.00242865
0.00152571
0.0114779
0.00278826
0.00708592
0.00299813
0.0140422
0.00242806
0.00239063
0.00262692
0.00480305
0.00258735
0.00120769
0.0025394
0.0109726
0.00254227
0.00823133
0.00564353
0.00486162
0.00380325
0.0029651
0.00451976
0.00680233
0.00907436
0.00210773
0.00144873
0.00307951
0.00330903
0.00313162
0.0148263
0.0126998
0.00487729
0.00287066
0.00237855
0.00301929
0.00827372
0.00322514
0.0069874
0.0071207
0.00238728
0.00458749
0.00448607
0.00340672
0.00194219
0.00242261
0.00346418
0.00304915
0.00407997
0.00184048
0.00276578
0.00235089
0.00265274
0.00494751
0.00357492
0.0106912
0.00247265
0.00455769
0.00235209
0.012832
0.00284169
0.00593549
0.0115517
0.00520755
0.00193202
0.00252836
0.00194428
0.00251112
0.00254144
0.00352914
0.00283549
0.00158136
0.00324258
0.00323044
0.00956966
0.00330546
0.00477767
0.0011551
0.00348892
0.00384484
0.00146116
0.00300125
0.00232029
0.00377765
0.00245103
0.00140205
0.00109926
0.00347098
0.00475655
0.00600235
0.0130787
0.00291915
0.00148912
0.00228878
0.00357543
0.00413948
0.00158439
0.0028894
0.00259825
0.00950064
0.00152814
0.00743766
0.00110383
0.00193109
0.00301149
0.00213857
0.00225031
0.00280767
0.00146891
0.00241731
0.00340609
0.00572027
0.0010916
0.00382826
0.00279066
0.00168456
0.00188113
0.00146002
0.00226008
0.00387736
0.00105449
0.00254956
0.00722684
0.00212112
0.00342734
0.00112918
0.00520843
0.00834422
0.00461124
0.00133325
0.00370414
0.0073983
0.00144945
0.00950226
0.0037975
0.0026239
0.00516828
0.00232601
0.00514158
0.00569854
0.00178932
0.00190636
0.00324711
0.00536408
0.00245996
0.00339989
0.001335
0.00371585
0.00420626
0.00312528
0.00189145
0.00280113
0.00141147
0.00384022
0.00466847
0.00458236
0.00206531
0.00196198
0.00292747
0.00364045
0.00137808
0.00280837
0.00222204
0.00238293
0.00263399
0.00297626
0.00205971
0.00248831
0.0025929
0.00211638
0.00361143
0.00577267
0.00235465
0.00237014
0.00262112
0.00319027
0.00292242
0.00264435
0.0036581
0.00249062
0.00199357
0.00132316
0.00339564
0.00270549
0.00125049
0.000981315
0.00344737
0.00327843
0.00329411
0.00222097
0.00156798
0.00240582
0.00170211
0.00423015
0.00218659
0.00186949
0.00308295
0.00248411
0.00328453
0.00192973
0.0017193
0.00130478
0.00247562
0.00303318
0.00175103
0.00236639
0.0019044
0.0040625
0.00235512
0.00279927
0.00119337
0.001084
0.00267087
0.00242108
0.00123867
0.00229592
0.00323398
0.0020341
0.00224886
0.00300511
0.00230478
0.00278147
0.00302647
0.00220435
0.00213017
0.00360985
0.00264837
0.00138558
0.00227497
0.00128041
0.00162271
0.00258775
0.00269395
0.00264235
0.00372688
0.0026707
0.00524833
0.00132616
0.00251021
0.00171988
0.00335054
0.00241701
0.00143755
0.00191235
0.00207263
0.00114691
0.0028975
0.00197036
0.00312058
0.00191765
0.0018393
0.00258344
0.00222365
0.00270702
0.00238726
0.0029994
0.00339451
0.00149703
0.0026569
0.00261844
0.00112578
0.00231843
0.00135241
0.00132434
0.00173551
0.00111467
0.00104668
0.00313118
0.00114795
0.0022822
0.00127651
0.00293315
0.00143729
0.00416234
0.00112807
0.00210807
0.00207853
0.00112083
0.0014359
0.000990637
0.00154441
0.00220602
0.00274486
0.00190615
0.00334187
0.00201587
0.00133966
0.00272168
0.00260247
0.000954561
0.00183199
0.00213811
0.00106975
0.0026382
0.00118806
0.00180843
0.00128805
0.00133494
0.00288259
0.00250169
0.00266088
0.00267958
0.00317048
0.00208353
0.00192417
