0.966042
-0.462186
-0.673939
-0.119798
-0.563216
0.563532
1.26877
0.971913
0.812597
0.287223
0.376095
0.528629
0.42909
0.00726997
-0.361653
-0.0854986
0.705911
1.14829
0.327296
0.287336
-0.386024
-0.576076
-1.12945
-1.04691
-0.267157
-1.00306
-1.3292
-0.190729
-0.179574
1.10417
1.42285
0.737966
0.195765
-1.21767
-0.00436336
-0.297286
1.46802
-0.154387
-0.140954
-0.414289
1.08315
-0.265722
0.744813
-0.254215
-0.086447
0.344399
0.932608
-0.00409121
0.417083
0.124128
0.448502
-1.22353
0.0403006
-0.45753
-0.612515
-0.22047
0.972145
-1.05379
-0.798632
0.303076
0.721653
0.733764
1.09812
0.992943
-0.598617
-0.133912
1.14532
-0.480439
-0.309106
-0.873722
-0.0561776
-0.855326
-0.943779
1.16536
0.72791
0.141632
0.649128
-1.06745
0.729462
0.768351
0.474555
0.313423
0.99196
1.11186
-1.0276
-0.897663
-0.730272
0.337745
0.599138
0.570619
-0.843307
0.8591
-0.691524
0.806561
0.130271
0.898528
0.980564
0.477093
0.978826
0.150912
-0.714874
-0.857108
-0.796966
-0.929037
-0.433203
-0.5744
-0.915726
-0.847086
0.715139
0.964261
-0.657765
0.902939
0.925369
0.863964
0.770277
0.968309
0.956699
0.814588
0.890845
0.909967
-0.789972
-0.765412
-0.95677
-0.962477
-0.835396
-0.679328
-0.798902
-0.76164
-1.0164
-0.915365
-0.827595
-0.952931
-0.761805
-0.82093
-0.820743
-0.840766
-0.750602
-0.787229
-0.853671
-0.906971
-0.896665
-0.824804
-0.769852
-0.978429
-0.849371
-0.865396
-0.920275
-0.834411
-0.871088
-0.872298
-0.839323
-0.89114