1.87321
0.530745
1.06286
1.60097
0.847169
0.575144
0.973992
1.34679
1.0591
1.5291
1.45019
0.575347
0.767481
0.656249
0.526755
1.0896
1.04432
1.04085
1.35347
0.555283
0.391048
0.547018
0.796811
0.928553
0.726248
0.892536
0.810835
0.43573
0.266577
0.69147
0.230987
0.5713
1.36482
0.548508
0.806209
1.27193
0.44274
1.38499
1.2425
1.58322
0.512189
0.975215
0.813929
0.414091
0.88364
0.906058
0.561329
1.19646
1.1039
1.04727
0.331264
1.15369
0.502658
1.77426
0.902672
1.21275
0.578862
0.944506
0.283179
0.657859
0.628852
1.01517
0.707725
0.966152
0.560344
0.833941
0.598022
0.701439
1.09482
0.912229
0.984599
0.55255
0.246194
0.4909
0.651917
1.00704
0.367851
0.602588
0.438884
0.517238
0.894071
1.09772
0.604681
0.455016
0.833257
0.658864
0.750879
0.976542
0.653183
0.595554
0.640638
0.654632
0.578142
0.610228
0.897183
0.635207
0.530204
0.65524
0.568561
1.06703
0.756551
0.572414
0.698435
0.715979
1.01011
0.565506
0.642989
0.440251
0.615409
0.521639
0.751998
0.550063
0.593958
0.478543
0.522914
0.504804
0.476009
0.574067
0.882473
0.46544
0.521516
0.580049
0.524982
0.567297
0.603064
0.661578
0.558154
0.514757
0.509613
0.55871
0.530812
0.537081
0.539732
0.473902
0.508281
0.555367
0.53072
0.578037
0.54633
0.567187
0.512007
0.513585
0.566949
0.555034
0.602536
0.50628
0.523678
0.506645
0.529219
0.534991
0.59066
0.567645