0.00347039
0.0382394
0.0290506
0.0289876
0.0265075
0.0230026
0.0223845
0.0206027
0.0191239
0.0174191
0.0162411
0.0151245
0.014314
0.0134159
0.0132882
0.0126727
0.0119548
0.0116537
0.0111071
0.010585
0.0101206
0.00967072
0.00991928
0.00961711
0.00944967
0.00938848
0.0090705
0.00907896
0.00880873
0.00913916
0.0091063
0.00909397
0.00956822
0.00933327
0.00909569
0.0088748
0.00863823
0.00870233
0.0086182
0.00840564
0.00820828
0.00804275
0.00847658
0.00828736
0.00824486
0.008086
0.00901711
0.00883601
0.00878778
0.00863714
0.00848524
0.00857475
0.00841598
0.00837843
0.00825433
0.00820796
0.00810493
0.00797145
0.00783884
0.00770943
0.00763981
0.00768377
0.00771618
0.00769374
0.00763957
0.00754993
0.00752235
0.0074126
0.00735198
0.00738404
0.0072808
0.00718971
0.00709599
0.00709942
0.00701929
0.00694033
0.00690309
0.00682613
0.00681738
0.0067425
0.0066623
0.00658284
0.00652813
0.00654834
0.00648906
0.0065007
0.00642754
0.00647053
0.00640894
0.00644326
0.00638986
0.00632278
0.00625955
0.00627099
0.00625315
0.00618835
0.0061299
0.00622991
0.00618348
0.00612202
0.00607082
0.00611026
0.00607441
0.00602392
0.00599793
0.00595224
0.00591005
0.00585651
0.00580403
0.00585174
0.00579964
0.00575283
0.00570513
0.00568195
0.00569234
0.00564426
0.00561789
0.00557945
0.00558506
0.00554123
0.00550527
0.00548917
0.00546067
0.00541992
0.00538597
0.00535634
0.00531471
0.00529736
0.0052585
0.00523107
0.00520424
0.00519903
0.00517261
0.00517147
0.00513471
0.00509751
0.00506635
0.00502983
0.00500088
0.00498084
0.00497423
0.00494987
0.00491835
0.00493654
0.00491928
0.00492069
0.00488733
0.00486303
0.00484319
0.00493713
0.00490578
0.0049352
0.00496562
0.00499105
0.00496048
0.00493798
0.00491087
0.00488012
0.00487775
0.00490882
0.00489656
0.00486843
0.00484022
0.00481369
0.00480036
0.00477603
0.0047501
0.00474414
0.00471726
0.00471458
0.00470296
0.00484019
0.00483985
0.00481274
0.00480925
0.00480144
0.00477489
0.00475762
0.00474353
0.00471761
0.00470683
0.00468539
0.00466515
0.00464181
0.00461837
0.00459465
0.00461066
0.00458801
0.00457798
0.00456362
0.00455998
0.00456303
0.00455471
0.0045324
0.00453052
0.0045087
0.00451339
0.00449766
0.00448392
0.00446171
0.00443962
0.00443754
0.00446585
0.00444439
0.00442315
0.0044018
0.00438326
0.00436302
0.00434594
0.00432668
0.00430718
0.00428758
0.00432372
0.00433012
0.00432117
0.00432351
0.00431698
0.0042989
0.00430153
0.00428449
0.00428182
0.00426269
0.00424481
0.00422945
0.00421198
0.00421762
0.00419927
0.00418264
0.00417635
0.00416072
0.00414511
0.00413396
0.00412854
0.00412176
0.00414063
0.0041248
0.00410919
0.00412282
0.00413683
0.00412165
0.00410461
0.00408833
0.00408596
0.00406979
0.0040689
0.00407203
0.00405853
0.00405562
0.00404665
0.0040311
0.00403452
0.00402213
0.00401613
0.00400355
0.00398801
0.00397267
0.00401359
0.00399807
0.00398964
0.00397849
0.0039666
0.00396415
0.00395122
0.00395396
0.00395063
0.00393692
0.00393008
0.00391977
0.00390979
0.00389762
0.00388773
0.00387358
0.00386353
0.00385349
0.00386856
0.00385828
0.00384971
0.00383722
0.00382368
0.0038136
0.00381287
0.00380077
0.00378845
0.00377581
0.00377047
0.00375769
0.00375611
0.00374729
0.00373655
0.00372709
0.0037151
0.00370669
0.00369412
0.00368178
0.00368037
0.00367542
0.00366757
0.00367608
0.00367032