0.00767437
0.0148411
0.0151574
0.0185722
0.0172097
0.0148124
0.0136128
0.0120834
0.012151
0.0119724
0.0109446
0.0102282
0.00948812
0.00971708
0.00912059
0.00860373
0.00852457
0.00828706
0.00796464
0.00763292
0.00773336
0.00740726
0.00767108
0.0074062
0.00714767
0.00701468
0.00680215
0.00656342
0.00645878
0.00625154
0.00607126
0.00589938
0.00579026
0.00563129
0.0056523
0.00549871
0.00545334
0.00545435
0.00532453
0.00525686
0.00514518
0.00503041
0.00499948
0.00491394
0.00482265
0.00471961
0.00468121
0.0045938
0.00450647
0.00442357
0.00437718
0.00443908
0.00439319
0.00434904
0.00428558
0.00420972
0.00430958
0.00424557
0.00417783
0.0041133
0.00407977
0.00402122
0.00397613
0.00401253
0.00401334
0.00401179
0.00395697
0.00400402
0.00396941
0.00400665
0.00396882
0.00392151
0.00387133
0.00383299
0.00387932
0.00386962
0.00382475
0.0038974
0.00385258
0.00384003
0.00379481
0.00380707
0.00376263
0.00373476
0.00373289
0.00369625
0.00368002
0.00364591
0.00361091
0.00358536
0.00355365
0.00356173
0.00352364
0.00348718
0.00349852
0.003465
0.00347383
0.00344496
0.00341103
0.00337723
0.0033501
0.00331753
0.0032856
0.00327166
0.00324556
0.00321579
0.00319303
0.00316361
0.00314971
0.0031235
0.00309549
0.00307221
0.0030515
0.00302902
0.00305421
0.00303479
0.00305279
0.00303495
0.0030256
0.00301466
0.00302815
0.00303668
0.00302818
0.00300405
0.00298876
0.00298098
0.00297685
0.00298246
0.00296622
0.00294455
0.00293711
0.00291532
0.00290411
0.00289308
0.00287733
0.00287702
0.00285635
0.00287943
0.00286643
0.00285062
0.00283766
0.00281871
0.00279948
0.00280976
0.00279693
0.00278396
0.00281232
0.00279569
0.00278533
0.00276896
0.00276905
0.00275147
0.00275184
0.00275559
0.00273798
0.00272798
0.00272862
0.0027114
0.00270884
0.00270056
0.0026863
0.00266977
0.00265383
0.00266642
0.00266941
0.00265481
0.00263941
0.00262469
0.0026105
0.00259578
0.00258532
0.00257356
0.0025589
0.00254493
0.00253591
0.00252166
0.00254026
0.00254778
0.00253377
0.00253117
0.00254157
0.00252811
0.00252926
0.00251694
0.00253606
0.00252982
0.00251812
0.00250632
0.0025036
0.0024905
0.0024779
0.00246503
0.00245261
0.00245191
0.00244021
0.00243531
0.00242442
0.00241458
0.0024057