0.00899712
0.0126992
0.0109163
0.0105319
0.010644
0.0091464
0.00793594
0.00703365
0.00636302
0.00601445
0.00577638
0.00538746
0.00509731
0.00476895
0.00459774
0.00438559
0.00416706
0.00445322
0.00467381
0.00445932
0.00431613
0.00412673
0.00421491
0.00405487
0.00421357
0.00406158
0.00434184
0.00422523
0.00408926
0.00395551
0.00394965
0.00383037
0.00375762
0.00375649
0.00369484
0.00368705
0.00380993
0.00382934
0.00373655
0.00365632
0.00383919
0.00376036
0.00387327
0.00378921
0.00375898
0.00440318
0.00503272
0.00495611
0.00493196
0.00498223
0.00501476
0.00492056
0.00493216
0.00489903
0.00482977
0.00479306
0.00472373
0.00468159
0.00460448
0.00453068
0.00445979
0.00441416
0.00434575
0.00428571
0.00422548
0.0042393
0.0043048
0.00427182
0.00431543
0.00427338
0.00421364
0.0041621
0.00421219
0.00416687
0.00412519
0.00407842
0.00408801
0.00406807
0.00404136
0.00399996
0.00396968
0.00392482
0.00388397
0.00384304
0.00380367
0.0037716
0.00375212
0.00371412
0.00367287
0.0036391
0.00363699
0.00361056
0.00357221
0.0035468
0.00351009
0.00347579
0.00344578
0.00343636
0.00340182
0.00349664
0.00348541
0.00345203
0.00344504
0.00341728
0.00341511
0.00338565
0.00335601
0.00332513
0.00329479
0.00326588
0.00326255
0.00323391
0.00320599
0.00320093
0.00317667
0.00316057
0.00313517
0.00310939
0.00308585
0.00427271
0.00423819
0.00420359
0.00417977
0.00414835
0.00411675
0.00408434
0.0040561
0.00405412
0.00402597
0.00399524
0.00397501
0.00394523
0.00391711
0.00394277
0.0039472
0.00392626
0.00390428
0.00387651
0.00385187
0.00383389
0.00380684
0.00378013
0.00376617
0.00374188
0.00372657
0.00370313
0.003681
0.00365713
0.00363461
0.0036204
0.0035968
0.00357341
0.00355432
0.00353143
0.00351557
0.0034931
0.00348446
0.00346961
0.0034609
0.00344296
0.00342476
0.00341408
0.00339486
0.00337751
0.00336629
0.00334617
0.00337022
0.00336005
0.00335648
0.00334663
0.00333298
0.00332319
0.00330822
0.00329348
0.00327688
0.00326451
0.00324772
0.00323401
0.0032171
0.00320482
0.00319213
0.00317501
0.00316588
0.00314896
0.00313231
0.00312443
0.00310796
0.00316062
0.00319406
0.00318121
0.00316994
0.00315412
0.0031415
0.00312546
0.00311447
0.00310251
0.00315012
0.00314583
0.00313675
0.00312569
0.00311142
0.00309668
0.0030817
0.00306695
0.00305412
0.00304097
0.00302641
0.00302058
0.00301206
0.00299799
0.00298383
0.00297002
0.00295654
0.00294326
0.0029422
0.00293693
0.00292346
0.00291025
0.00289798
0.00288486
0.00287421
0.00287258
0.00286094
0.00284867
0.00284108
0.00282901
0.0028181
0.00280838
0.00279694
0.00278514
0.00278033
0.00276839
0.00275658
0.00274487
0.00273448
0.00272324
0.0027118
0.00271223
0.00270237
0.00269383
0.00268471
0.00267471
0.00267353
0.00266988
0.00265971
0.00265035
0.00265616
0.00264606
0.00263546
0.00262572
0.00263031
0.0026205
0.00261089
0.00260063
0.00259066
0.00258328
0.0025884
0.0025788
0.00257155
0.00256204
0.00255291
0.00254662
0.00254052
0.00253109
0.00252156
0.00251621
0.0025072
0.00249795
0.00248883
0.00248299
0.00247471
0.00246811
0.00246367
0.00245651
0.00244831
0.0024473
0.00243851
0.00243005
0.00243162
0.0024239
0.00241532
0.00240703
0.00239864
0.00239026
0.00238189
0.00237468
0.00237333
0.00236549
0.00235739
0.00235001
0.00234381
0.00233898
0.00233314
0.00232743
0.00232134
0.00233019
0.00232738
0.00232118
0.00231343